300.0   0.0134470
301.0   0.0147612
302.0   0.0163036
303.0   0.0179802
304.0   0.0196952
305.0   0.0216787
306.0   0.0235508
307.0   0.0254543
308.0   0.0275960
309.0   0.0296325
310.0   0.0318334
311.0   0.0339636
312.0   0.0364214
313.0   0.0383594
314.0   0.0406849
315.0   0.0433737
316.0   0.0457320
317.0   0.0483630
318.0   0.0503858
319.0   0.0528733
320.0   0.0547585
321.0   0.0570391
322.0   0.0588125
323.0   0.0609220
324.0   0.0629246
325.0   0.0648152
326.0   0.0664875
327.0   0.0680957
328.0   0.0698046
329.0   0.0713459
330.0   0.0733230
331.0   0.0750006
332.0   0.0762123
333.0   0.0783734
334.0   0.0799444
335.0   0.0814216
336.0   0.0828954
337.0   0.0841519
338.0   0.0862589
339.0   0.0877635
340.0   0.0894335
341.0   0.0909495
342.0   0.0928332
343.0   0.0942338
344.0   0.0961281
345.0   0.0977629
346.0   0.0997604
347.0   0.1015861
348.0   0.1037298
349.0   0.1061079
350.0   0.1075244
351.0   0.1087138
352.0   0.1108868
353.0   0.1137993
354.0   0.1160120
355.0   0.1178086
356.0   0.1194351
357.0   0.1216942
358.0   0.1232304
359.0   0.1251360
360.0   0.1271110
361.0   0.1289330
362.0   0.1307294
363.0   0.1325541
364.0   0.1345885
365.0   0.1365138
366.0   0.1383071
367.0   0.1401068
368.0   0.1409030
369.0   0.1429484
370.0   0.1447558
371.0   0.1465277
372.0   0.1475798
373.0   0.1501225
374.0   0.1521961
375.0   0.1538783
376.0   0.1557848
377.0   0.1571656
378.0   0.1601892
379.0   0.1611095
380.0   0.1625941
381.0   0.1649654
382.0   0.1664591
383.0   0.1688170
384.0   0.1709001
385.0   0.1734121
386.0   0.1755795
387.0   0.1780711
388.0   0.1807201
389.0   0.1820882
390.0   0.1850026
391.0   0.1871054
392.0   0.1904589
393.0   0.1921961
394.0   0.1945652
395.0   0.1972358
396.0   0.1994598
397.0   0.2013825
398.0   0.2040940
399.0   0.2072638
400.0   0.2092248
401.0   0.2107973
402.0   0.2131565
403.0   0.2152918
404.0   0.2181208
405.0   0.2205520
406.0   0.2222823
407.0   0.2251766
408.0   0.2261374
409.0   0.2280002
410.0   0.2305083
411.0   0.2324702
412.0   0.2342417
413.0   0.2359603
414.0   0.2382847
415.0   0.2403622
416.0   0.2425942
417.0   0.2447931
418.0   0.2467193
419.0   0.2486228
420.0   0.2497554
421.0   0.2516956
422.0   0.2535410
423.0   0.2555957
424.0   0.2579244
425.0   0.2611417
426.0   0.2634034
427.0   0.2660019
428.0   0.2674739
429.0   0.2688752
430.0   0.2730164
431.0   0.2733915
432.0   0.2762319
433.0   0.2770314
434.0   0.2797990
435.0   0.2807615
436.0   0.2842528
437.0   0.2866036
438.0   0.2857254
439.0   0.2889926
440.0   0.2910094
441.0   0.2924386
442.0   0.2948299
443.0   0.2953615
444.0   0.2972561
445.0   0.2990504
446.0   0.3009199
447.0   0.3018462
448.0   0.3024638
449.0   0.3046604
450.0   0.3072659
451.0   0.3073050
452.0   0.3097965
453.0   0.3101311
454.0   0.3119052
455.0   0.3136112
456.0   0.3151115
457.0   0.3162887
458.0   0.3182339
459.0   0.3198404
460.0   0.3214062
461.0   0.3237092
462.0   0.3238859
463.0   0.3272759
464.0   0.3294260
465.0   0.3317298
466.0   0.3340513
467.0   0.3346748
468.0   0.3374850
469.0   0.3406213
470.0   0.3430602
471.0   0.3446992
472.0   0.3475224
473.0   0.3515032
474.0   0.3535492
475.0   0.3569416
476.0   0.3599290
477.0   0.3634584
478.0   0.3678333
479.0   0.3703952
480.0   0.3727938
481.0   0.3762701
482.0   0.3811889
483.0   0.3858311
484.0   0.3878271
485.0   0.3907049
486.0   0.3964930
487.0   0.4009202
488.0   0.4027706
489.0   0.4079586
490.0   0.4118424
491.0   0.4154300
492.0   0.4205196
493.0   0.4217780
494.0   0.4281398
495.0   0.4312603
496.0   0.4349084
497.0   0.4395231
498.0   0.4429249
499.0   0.4460050
500.0   0.4509284
501.0   0.4526139
502.0   0.4574076
503.0   0.4617761
504.0   0.4675356
505.0   0.4701899
506.0   0.4725637
507.0   0.4773569
508.0   0.4815263
509.0   0.4850531
510.0   0.4871050
511.0   0.4925694
512.0   0.4953800
513.0   0.4985726
514.0   0.5029910
515.0   0.5041332
516.0   0.5113414
517.0   0.5114485
518.0   0.5159859
519.0   0.5165039
520.0   0.5188528
521.0   0.5187351
522.0   0.5218932
523.0   0.5237669
524.0   0.5230835
525.0   0.5257378
526.0   0.5268625
527.0   0.5281949
528.0   0.5293992
529.0   0.5323267
530.0   0.5341571
531.0   0.5350410
532.0   0.5358971
533.0   0.5344526
534.0   0.5368553
535.0   0.5369537
536.0   0.5379244
537.0   0.5367503
538.0   0.5369005
539.0   0.5381092
540.0   0.5365836
541.0   0.5364720
542.0   0.5371122
543.0   0.5378794
544.0   0.5372380
545.0   0.5388746
546.0   0.5367803
547.0   0.5365320
548.0   0.5352899
549.0   0.5361545
550.0   0.5326535
551.0   0.5292191
552.0   0.5271498
553.0   0.5262522
554.0   0.5236617
555.0   0.5212904
556.0   0.5208132
557.0   0.5193293
558.0   0.5174355
559.0   0.5147001
560.0   0.5127713
561.0   0.5106885
562.0   0.5095239
563.0   0.5068899
564.0   0.5056941
565.0   0.5029863
566.0   0.5003985
567.0   0.4977377
568.0   0.4963353
569.0   0.4943572
570.0   0.4934613
571.0   0.4905808
572.0   0.4896111
573.0   0.4872936
574.0   0.4866431
575.0   0.4865339
576.0   0.4865180
577.0   0.4856512
578.0   0.4858261
579.0   0.4877362
580.0   0.4902331
581.0   0.4909630
582.0   0.4944231
583.0   0.4977221
584.0   0.5016114
585.0   0.5070910
586.0   0.5145910
587.0   0.5217161
588.0   0.5295500
589.0   0.5381395
590.0   0.5483697
591.0   0.5590372
592.0   0.5695191
593.0   0.5803256
594.0   0.5942928
595.0   0.6056453
596.0   0.6181385
597.0   0.6315115
598.0   0.6432236
599.0   0.6557303
600.0   0.6662931
601.0   0.6769372
602.0   0.6881254
603.0   0.6970656
604.0   0.7068583
605.0   0.7134345
606.0   0.7217129
607.0   0.7297358
608.0   0.7350573
609.0   0.7406273
610.0   0.7437415
611.0   0.7523384
612.0   0.7563746
613.0   0.7604702
614.0   0.7642329
615.0   0.7663242
616.0   0.7695032
617.0   0.7716292
618.0   0.7714198
619.0   0.7713278
620.0   0.7760921
621.0   0.7778760
622.0   0.7777348
623.0   0.7805870
624.0   0.7791106
625.0   0.7808640
626.0   0.7818379
627.0   0.7805986
628.0   0.7811087
629.0   0.7807619
630.0   0.7832210
631.0   0.7822559
632.0   0.7840947
633.0   0.7826921
634.0   0.7829111
635.0   0.7856572
636.0   0.7850717
637.0   0.7836056
638.0   0.7865595
639.0   0.7851966
640.0   0.7836022
641.0   0.7854035
642.0   0.7846828
643.0   0.7833662
644.0   0.7854410
645.0   0.7840833
646.0   0.7837105
647.0   0.7838787
648.0   0.7833149
649.0   0.7836864
650.0   0.7841672
651.0   0.7845948
652.0   0.7847992
653.0   0.7830497
654.0   0.7835079
655.0   0.7853147
656.0   0.7846968
657.0   0.7836306
658.0   0.7830799
659.0   0.7820624
660.0   0.7830966
661.0   0.7822597
662.0   0.7832305
663.0   0.7849941
664.0   0.7822953
665.0   0.7840981
666.0   0.7816532
667.0   0.7788776
668.0   0.7809088
669.0   0.7788318
670.0   0.7781726
671.0   0.7793754
672.0   0.7745303
673.0   0.7758064
674.0   0.7763475
675.0   0.7731695
676.0   0.7723081
677.0   0.7696326
678.0   0.7705867
679.0   0.7683522
680.0   0.7671747
681.0   0.7653447
682.0   0.7646685
683.0   0.7650137
684.0   0.7644079
685.0   0.7636358
686.0   0.7644726
687.0   0.7616943
688.0   0.7606684
689.0   0.7583911
690.0   0.7595615
691.0   0.7582398
692.0   0.7587909
693.0   0.7577532
694.0   0.7565244
695.0   0.7573009
696.0   0.7553639
697.0   0.7561053
698.0   0.7561421
699.0   0.7554136
700.0   0.7566111
701.0   0.7573378
702.0   0.7558348
703.0   0.7564738
704.0   0.7588126
705.0   0.7574128
706.0   0.7556986
707.0   0.7545444
708.0   0.7539512
709.0   0.7549000
710.0   0.7550356
711.0   0.7544406
712.0   0.7537695
713.0   0.7541792
714.0   0.7529935
715.0   0.7529560
716.0   0.7528104
717.0   0.7554283
718.0   0.7548057
719.0   0.7558780
720.0   0.7581307
721.0   0.7596344
722.0   0.7605740
723.0   0.7590253
724.0   0.7603787
725.0   0.7614350
726.0   0.7610682
727.0   0.7609046
728.0   0.7637788
729.0   0.7597601
730.0   0.7626061
731.0   0.7613325
732.0   0.7621294
733.0   0.7632317
734.0   0.7639039
735.0   0.7633861
736.0   0.7622491
737.0   0.7608038
738.0   0.7600972
739.0   0.7592886
740.0   0.7581814
741.0   0.7578026
742.0   0.7570580
743.0   0.7556818
744.0   0.7557447
745.0   0.7549957
746.0   0.7556131
747.0   0.7565688
748.0   0.7540479
749.0   0.7534626
750.0   0.7522179
751.0   0.7493341
752.0   0.7507667
753.0   0.7520343
754.0   0.7494294
755.0   0.7476617
756.0   0.7478340
757.0   0.7486492
758.0   0.7476471
759.0   0.7476852
760.0   0.7448528
761.0   0.7452942
762.0   0.7457126
763.0   0.7444046
764.0   0.7435118
765.0   0.7429548
766.0   0.7435131
767.0   0.7420711
768.0   0.7407845
769.0   0.7407519
770.0   0.7413017
771.0   0.7403302
772.0   0.7397426
773.0   0.7386454
774.0   0.7387726
775.0   0.7362166
776.0   0.7383620
777.0   0.7350916
778.0   0.7330548
779.0   0.7363737
780.0   0.7337356
781.0   0.7338840
782.0   0.7340947
783.0   0.7323521
784.0   0.7304504
785.0   0.7310371
786.0   0.7289173
787.0   0.7284948
788.0   0.7288169
789.0   0.7296720
790.0   0.7289674
791.0   0.7258144
792.0   0.7266687
793.0   0.7258001
794.0   0.7248274
795.0   0.7254125
796.0   0.7250894
797.0   0.7230705
798.0   0.7234530
799.0   0.7239873
800.0   0.7234160
