300.0   0.2166747
301.0   0.2234416
302.0   0.2333532
303.0   0.2410988
304.0   0.2499652
305.0   0.2569281
306.0   0.2663241
307.0   0.2726707
308.0   0.2819715
309.0   0.2895812
310.0   0.2977278
311.0   0.3043991
312.0   0.3116865
313.0   0.3165125
314.0   0.3221113
315.0   0.3277383
316.0   0.3338217
317.0   0.3383672
318.0   0.3408956
319.0   0.3466523
320.0   0.3507444
321.0   0.3525579
322.0   0.3550417
323.0   0.3584544
324.0   0.3616387
325.0   0.3649712
326.0   0.3652527
327.0   0.3686579
328.0   0.3693476
329.0   0.3729797
330.0   0.3747848
331.0   0.3765695
332.0   0.3803685
333.0   0.3836877
334.0   0.3851821
335.0   0.3874210
336.0   0.3902117
337.0   0.3921449
338.0   0.3947546
339.0   0.3962433
340.0   0.3989416
341.0   0.4034555
342.0   0.4036188
343.0   0.4088451
344.0   0.4105490
345.0   0.4112779
346.0   0.4147127
347.0   0.4159696
348.0   0.4209902
349.0   0.4200754
350.0   0.4219903
351.0   0.4228628
352.0   0.4245945
353.0   0.4271022
354.0   0.4284918
355.0   0.4299140
356.0   0.4300693
357.0   0.4319299
358.0   0.4352779
359.0   0.4365401
360.0   0.4396955
361.0   0.4430619
362.0   0.4456587
363.0   0.4491043
364.0   0.4506385
365.0   0.4537564
366.0   0.4558819
367.0   0.4579289
368.0   0.4603447
369.0   0.4602611
370.0   0.4620749
371.0   0.4620067
372.0   0.4679116
373.0   0.4680621
374.0   0.4692480
375.0   0.4756372
376.0   0.4786522
377.0   0.4799510
378.0   0.4841903
379.0   0.4871788
380.0   0.4887278
381.0   0.4911062
382.0   0.4954562
383.0   0.4965093
384.0   0.4995799
385.0   0.5003830
386.0   0.5028341
387.0   0.5052018
388.0   0.5057132
389.0   0.5103908
390.0   0.5137398
391.0   0.5161260
392.0   0.5177882
393.0   0.5215803
394.0   0.5236844
395.0   0.5259549
396.0   0.5283643
397.0   0.5297067
398.0   0.5361730
399.0   0.5372428
400.0   0.5393641
401.0   0.5415718
402.0   0.5470905
403.0   0.5461152
404.0   0.5474265
405.0   0.5501324
406.0   0.5535353
407.0   0.5567624
408.0   0.5562942
409.0   0.5574842
410.0   0.5625543
411.0   0.5603873
412.0   0.5654987
413.0   0.5659661
414.0   0.5694089
415.0   0.5718637
416.0   0.5692833
417.0   0.5731099
418.0   0.5738970
419.0   0.5743948
420.0   0.5769638
421.0   0.5802651
422.0   0.5833569
423.0   0.5850754
424.0   0.5865414
425.0   0.5902443
426.0   0.5943674
427.0   0.5949613
428.0   0.5975580
429.0   0.5971670
430.0   0.6004466
431.0   0.6039370
432.0   0.6039249
433.0   0.6053057
434.0   0.6051421
435.0   0.6065935
436.0   0.6091391
437.0   0.6072823
438.0   0.6117392
439.0   0.6156335
440.0   0.6159351
441.0   0.6140335
442.0   0.6194340
443.0   0.6182571
444.0   0.6225464
445.0   0.6223266
446.0   0.6231181
447.0   0.6228957
448.0   0.6252852
449.0   0.6253685
450.0   0.6289885
451.0   0.6277131
452.0   0.6339013
453.0   0.6329030
454.0   0.6324717
455.0   0.6335219
456.0   0.6370312
457.0   0.6349222
458.0   0.6374385
459.0   0.6384420
460.0   0.6419291
461.0   0.6448582
462.0   0.6448742
463.0   0.6448325
464.0   0.6494676
465.0   0.6504152
466.0   0.6521175
467.0   0.6517799
468.0   0.6539361
469.0   0.6530761
470.0   0.6560685
471.0   0.6560281
472.0   0.6616149
473.0   0.6595214
474.0   0.6607857
475.0   0.6635940
476.0   0.6647850
477.0   0.6669147
478.0   0.6662245
479.0   0.6719373
480.0   0.6738312
481.0   0.6736474
482.0   0.6758976
483.0   0.6766378
484.0   0.6792121
485.0   0.6824623
486.0   0.6858184
487.0   0.6909045
488.0   0.6906702
489.0   0.6915353
490.0   0.6940079
491.0   0.6958199
492.0   0.6969331
493.0   0.7030131
494.0   0.6996040
495.0   0.7046848
496.0   0.7040467
497.0   0.7072509
498.0   0.7084391
499.0   0.7094357
500.0   0.7121185
501.0   0.7156550
502.0   0.7135109
503.0   0.7163923
504.0   0.7170185
505.0   0.7175518
506.0   0.7224148
507.0   0.7240221
508.0   0.7236906
509.0   0.7221087
510.0   0.7251727
511.0   0.7247583
512.0   0.7304798
513.0   0.7290573
514.0   0.7300945
515.0   0.7309354
516.0   0.7334790
517.0   0.7342794
518.0   0.7357284
519.0   0.7383617
520.0   0.7394863
521.0   0.7385039
522.0   0.7372292
523.0   0.7402763
524.0   0.7384455
525.0   0.7410394
526.0   0.7427109
527.0   0.7424500
528.0   0.7459326
529.0   0.7477711
530.0   0.7470333
531.0   0.7507172
532.0   0.7490750
533.0   0.7476437
534.0   0.7500428
535.0   0.7495086
536.0   0.7511724
537.0   0.7494899
538.0   0.7492490
539.0   0.7489084
540.0   0.7512895
541.0   0.7506112
542.0   0.7506344
543.0   0.7505791
544.0   0.7512897
545.0   0.7531469
546.0   0.7524970
547.0   0.7518216
548.0   0.7522845
549.0   0.7544552
550.0   0.7533655
551.0   0.7498080
552.0   0.7493641
553.0   0.7479395
554.0   0.7473433
555.0   0.7457211
556.0   0.7462924
557.0   0.7452563
558.0   0.7416325
559.0   0.7412990
560.0   0.7431628
561.0   0.7410525
562.0   0.7399749
563.0   0.7404611
564.0   0.7402319
565.0   0.7374173
566.0   0.7377935
567.0   0.7377387
568.0   0.7378434
569.0   0.7382295
570.0   0.7364566
571.0   0.7374103
572.0   0.7357827
573.0   0.7360069
574.0   0.7354144
575.0   0.7352662
576.0   0.7359282
577.0   0.7364806
578.0   0.7344039
579.0   0.7365051
580.0   0.7384321
581.0   0.7405310
582.0   0.7407822
583.0   0.7403980
584.0   0.7409792
585.0   0.7423666
586.0   0.7449414
587.0   0.7467824
588.0   0.7479409
589.0   0.7517064
590.0   0.7556812
591.0   0.7601190
592.0   0.7623051
593.0   0.7656685
594.0   0.7647900
595.0   0.7698308
596.0   0.7747655
597.0   0.7800190
598.0   0.7819438
599.0   0.7840690
600.0   0.7874518
601.0   0.7907793
602.0   0.7902546
603.0   0.7925670
604.0   0.7937580
605.0   0.7966391
606.0   0.7990483
607.0   0.8007198
608.0   0.8025512
609.0   0.8015514
610.0   0.8045703
611.0   0.8053801
612.0   0.8080964
613.0   0.8074021
614.0   0.8074611
615.0   0.8084848
616.0   0.8077846
617.0   0.8094060
618.0   0.8072664
619.0   0.8097880
620.0   0.8107709
621.0   0.8089969
622.0   0.8097157
623.0   0.8084485
624.0   0.8109963
625.0   0.8094416
626.0   0.8100549
627.0   0.8099884
628.0   0.8101869
629.0   0.8109343
630.0   0.8092555
631.0   0.8095733
632.0   0.8108224
633.0   0.8083291
634.0   0.8097976
635.0   0.8085361
636.0   0.8096929
637.0   0.8100071
638.0   0.8069388
639.0   0.8107045
640.0   0.8088306
641.0   0.8062447
642.0   0.8097938
643.0   0.8046932
644.0   0.8048908
645.0   0.8077871
646.0   0.8063708
647.0   0.8068743
648.0   0.8067645
649.0   0.8073648
650.0   0.8065685
651.0   0.8073757
652.0   0.8049990
653.0   0.8062582
654.0   0.8048437
655.0   0.8054443
656.0   0.8029587
657.0   0.8064278
658.0   0.8071452
659.0   0.8057370
660.0   0.8050401
661.0   0.8057041
662.0   0.8036161
663.0   0.8046556
664.0   0.8038665
665.0   0.8019886
666.0   0.8017673
667.0   0.8010045
668.0   0.8008956
669.0   0.7997885
670.0   0.7990269
671.0   0.7983389
672.0   0.7963434
673.0   0.7948050
674.0   0.7931065
675.0   0.7920153
676.0   0.7905055
677.0   0.7861079
678.0   0.7890138
679.0   0.7849302
680.0   0.7865762
681.0   0.7853515
682.0   0.7848798
683.0   0.7845223
684.0   0.7834796
685.0   0.7830419
686.0   0.7800951
687.0   0.7803136
688.0   0.7788693
689.0   0.7784053
690.0   0.7764169
691.0   0.7742528
692.0   0.7738241
693.0   0.7750197
694.0   0.7745855
695.0   0.7730900
696.0   0.7724443
697.0   0.7710627
698.0   0.7725448
699.0   0.7707118
700.0   0.7718914
701.0   0.7727671
702.0   0.7741426
703.0   0.7752625
704.0   0.7741214
705.0   0.7742643
706.0   0.7732737
707.0   0.7714973
708.0   0.7725775
709.0   0.7720171
710.0   0.7694579
711.0   0.7710629
712.0   0.7685778
713.0   0.7706002
714.0   0.7678250
715.0   0.7694879
716.0   0.7719062
717.0   0.7710450
718.0   0.7707319
719.0   0.7726737
720.0   0.7749977
721.0   0.7740311
722.0   0.7759229
723.0   0.7750095
724.0   0.7758523
725.0   0.7760088
726.0   0.7757714
727.0   0.7768936
728.0   0.7776448
729.0   0.7759834
730.0   0.7778772
731.0   0.7756688
732.0   0.7769394
733.0   0.7751718
734.0   0.7751942
735.0   0.7765743
736.0   0.7749637
737.0   0.7753243
738.0   0.7723087
739.0   0.7733493
740.0   0.7752314
741.0   0.7730465
742.0   0.7717782
743.0   0.7704974
744.0   0.7716897
745.0   0.7690796
746.0   0.7679852
747.0   0.7688052
748.0   0.7659575
749.0   0.7682979
750.0   0.7657311
751.0   0.7653583
752.0   0.7642111
753.0   0.7649009
754.0   0.7624546
755.0   0.7629143
756.0   0.7617358
757.0   0.7603544
758.0   0.7614233
759.0   0.7594381
760.0   0.7586726
761.0   0.7602239
762.0   0.7577041
763.0   0.7566930
764.0   0.7560615
765.0   0.7566578
766.0   0.7545061
767.0   0.7549812
768.0   0.7550216
769.0   0.7544724
770.0   0.7552650
771.0   0.7541330
772.0   0.7525615
773.0   0.7537787
774.0   0.7537439
775.0   0.7484818
776.0   0.7483844
777.0   0.7493743
778.0   0.7458259
779.0   0.7494146
780.0   0.7459664
781.0   0.7452601
782.0   0.7465433
783.0   0.7435853
784.0   0.7433893
785.0   0.7431564
786.0   0.7408324
787.0   0.7419354
788.0   0.7393418
789.0   0.7401597
790.0   0.7385406
791.0   0.7377962
792.0   0.7375935
793.0   0.7382650
794.0   0.7361689
795.0   0.7361570
796.0   0.7350113
797.0   0.7339130
798.0   0.7355459
799.0   0.7355099
800.0   0.7361943
