300.0   0.2156366
301.0   0.2353855
302.0   0.2520653
303.0   0.2702079
304.0   0.2858032
305.0   0.2987198
306.0   0.3113307
307.0   0.3213131
308.0   0.3318745
309.0   0.3384473
310.0   0.3460889
311.0   0.3520815
312.0   0.3592728
313.0   0.3665789
314.0   0.3738716
315.0   0.3814787
316.0   0.3900835
317.0   0.3968766
318.0   0.4039602
319.0   0.4103504
320.0   0.4159938
321.0   0.4215356
322.0   0.4283201
323.0   0.4334907
324.0   0.4389610
325.0   0.4449546
326.0   0.4489766
327.0   0.4547310
328.0   0.4574528
329.0   0.4633172
330.0   0.4674499
331.0   0.4743882
332.0   0.4794237
333.0   0.4863160
334.0   0.4927443
335.0   0.4983398
336.0   0.5050311
337.0   0.5096644
338.0   0.5136992
339.0   0.5173795
340.0   0.5201057
341.0   0.5216719
342.0   0.5243339
343.0   0.5249683
344.0   0.5275731
345.0   0.5304114
346.0   0.5333719
347.0   0.5356046
348.0   0.5373210
349.0   0.5404821
350.0   0.5445542
351.0   0.5467454
352.0   0.5500502
353.0   0.5547764
354.0   0.5564196
355.0   0.5584983
356.0   0.5604829
357.0   0.5647121
358.0   0.5688078
359.0   0.5715002
360.0   0.5753112
361.0   0.5819785
362.0   0.5854867
363.0   0.5910609
364.0   0.5943727
365.0   0.5998301
366.0   0.6051084
367.0   0.6112331
368.0   0.6153706
369.0   0.6199036
370.0   0.6263876
371.0   0.6312410
372.0   0.6351954
373.0   0.6418532
374.0   0.6447836
375.0   0.6512968
376.0   0.6551981
377.0   0.6587344
378.0   0.6621232
379.0   0.6661978
380.0   0.6703242
381.0   0.6732920
382.0   0.6752364
383.0   0.6786668
384.0   0.6826695
385.0   0.6849537
386.0   0.6897662
387.0   0.6905912
388.0   0.6931629
389.0   0.6972168
390.0   0.6974389
391.0   0.6996161
392.0   0.7020646
393.0   0.7042283
394.0   0.7058815
395.0   0.7074139
396.0   0.7110762
397.0   0.7126280
398.0   0.7131369
399.0   0.7123211
400.0   0.7150880
401.0   0.7183305
402.0   0.7189331
403.0   0.7191308
404.0   0.7218298
405.0   0.7239224
406.0   0.7261050
407.0   0.7273463
408.0   0.7271167
409.0   0.7306635
410.0   0.7318735
411.0   0.7327802
412.0   0.7325179
413.0   0.7368998
414.0   0.7363502
415.0   0.7355199
416.0   0.7355846
417.0   0.7401166
418.0   0.7369927
419.0   0.7381032
420.0   0.7392054
421.0   0.7412230
422.0   0.7429751
423.0   0.7430470
424.0   0.7475356
425.0   0.7482987
426.0   0.7487078
427.0   0.7509497
428.0   0.7525459
429.0   0.7522615
430.0   0.7584047
431.0   0.7582331
432.0   0.7622257
433.0   0.7611364
434.0   0.7615985
435.0   0.7633741
436.0   0.7675556
437.0   0.7685494
438.0   0.7673531
439.0   0.7703146
440.0   0.7719933
441.0   0.7726406
442.0   0.7761192
443.0   0.7756250
444.0   0.7764791
445.0   0.7756033
446.0   0.7793484
447.0   0.7815994
448.0   0.7814081
449.0   0.7822310
450.0   0.7852265
451.0   0.7850575
452.0   0.7850579
453.0   0.7874018
454.0   0.7870090
455.0   0.7876886
456.0   0.7889577
457.0   0.7891658
458.0   0.7902601
459.0   0.7925309
460.0   0.7911596
461.0   0.7957277
462.0   0.7939779
463.0   0.7977251
464.0   0.7995765
465.0   0.8008098
466.0   0.8001516
467.0   0.8000706
468.0   0.8004095
469.0   0.8015343
470.0   0.8034222
471.0   0.8055709
472.0   0.8043402
473.0   0.8052593
474.0   0.8037005
475.0   0.8077275
476.0   0.8064940
477.0   0.8078621
478.0   0.8075402
479.0   0.8066743
480.0   0.8060297
481.0   0.8068519
482.0   0.8121022
483.0   0.8107680
484.0   0.8145052
485.0   0.8155089
486.0   0.8176002
487.0   0.8201754
488.0   0.8192166
489.0   0.8212748
490.0   0.8227604
491.0   0.8224700
492.0   0.8232584
493.0   0.8241662
494.0   0.8249630
495.0   0.8265750
496.0   0.8259649
497.0   0.8243492
498.0   0.8254623
499.0   0.8250183
500.0   0.8246746
501.0   0.8247343
502.0   0.8239037
503.0   0.8275145
504.0   0.8267953
505.0   0.8259112
506.0   0.8269616
507.0   0.8260740
508.0   0.8262099
509.0   0.8257496
510.0   0.8263808
511.0   0.8258328
512.0   0.8282189
513.0   0.8269484
514.0   0.8282285
515.0   0.8284210
516.0   0.8300276
517.0   0.8309116
518.0   0.8306488
519.0   0.8320045
520.0   0.8313379
521.0   0.8345580
522.0   0.8316575
523.0   0.8323184
524.0   0.8315141
525.0   0.8335397
526.0   0.8348593
527.0   0.8339827
528.0   0.8359553
529.0   0.8365455
530.0   0.8379008
531.0   0.8405471
532.0   0.8397292
533.0   0.8401633
534.0   0.8400424
535.0   0.8398279
536.0   0.8392090
537.0   0.8415760
538.0   0.8379144
539.0   0.8408720
540.0   0.8403244
541.0   0.8400612
542.0   0.8409056
543.0   0.8421994
544.0   0.8437411
545.0   0.8433925
546.0   0.8441515
547.0   0.8424359
548.0   0.8439638
549.0   0.8454113
550.0   0.8442834
551.0   0.8409804
552.0   0.8392886
553.0   0.8416437
554.0   0.8401047
555.0   0.8409451
556.0   0.8411740
557.0   0.8407524
558.0   0.8409841
559.0   0.8401930
560.0   0.8426291
561.0   0.8396872
562.0   0.8400183
563.0   0.8398863
564.0   0.8408822
565.0   0.8395565
566.0   0.8404924
567.0   0.8422789
568.0   0.8410893
569.0   0.8435516
570.0   0.8429850
571.0   0.8437685
572.0   0.8431019
573.0   0.8452764
574.0   0.8449002
575.0   0.8440958
576.0   0.8465482
577.0   0.8472044
578.0   0.8463376
579.0   0.8468176
580.0   0.8477907
581.0   0.8458474
582.0   0.8473106
583.0   0.8451361
584.0   0.8469347
585.0   0.8449012
586.0   0.8451970
587.0   0.8458844
588.0   0.8455909
589.0   0.8434807
590.0   0.8434162
591.0   0.8444960
592.0   0.8452967
593.0   0.8440087
594.0   0.8441705
595.0   0.8436827
596.0   0.8433035
597.0   0.8440079
598.0   0.8460611
599.0   0.8448523
600.0   0.8433328
601.0   0.8416695
602.0   0.8422319
603.0   0.8417401
604.0   0.8417115
605.0   0.8443414
606.0   0.8437198
607.0   0.8436963
608.0   0.8425874
609.0   0.8435551
610.0   0.8429008
611.0   0.8434243
612.0   0.8443840
613.0   0.8445166
614.0   0.8441702
615.0   0.8427115
616.0   0.8426875
617.0   0.8426140
618.0   0.8431292
619.0   0.8421712
620.0   0.8414042
621.0   0.8417159
622.0   0.8400419
623.0   0.8404028
624.0   0.8379379
625.0   0.8385748
626.0   0.8381917
627.0   0.8389263
628.0   0.8387134
629.0   0.8408299
630.0   0.8381873
631.0   0.8391543
632.0   0.8375351
633.0   0.8382188
634.0   0.8381551
635.0   0.8375326
636.0   0.8372685
637.0   0.8371105
638.0   0.8378524
639.0   0.8354862
640.0   0.8359455
641.0   0.8346931
642.0   0.8354793
643.0   0.8353960
644.0   0.8355904
645.0   0.8325497
646.0   0.8326104
647.0   0.8350896
648.0   0.8341070
649.0   0.8328642
650.0   0.8347661
651.0   0.8360412
652.0   0.8336700
653.0   0.8352439
654.0   0.8325365
655.0   0.8333000
656.0   0.8336463
657.0   0.8336006
658.0   0.8339465
659.0   0.8325417
660.0   0.8336828
661.0   0.8356102
662.0   0.8359188
663.0   0.8350739
664.0   0.8343091
665.0   0.8370691
666.0   0.8348737
667.0   0.8346363
668.0   0.8334787
669.0   0.8342069
670.0   0.8345585
671.0   0.8318924
672.0   0.8327470
673.0   0.8312187
674.0   0.8300851
675.0   0.8291992
676.0   0.8288934
677.0   0.8280594
678.0   0.8278162
679.0   0.8271975
680.0   0.8259784
681.0   0.8284744
682.0   0.8270471
683.0   0.8271372
684.0   0.8271089
685.0   0.8260568
686.0   0.8267417
687.0   0.8283845
688.0   0.8261921
689.0   0.8265254
690.0   0.8269138
691.0   0.8274517
692.0   0.8270305
693.0   0.8275149
694.0   0.8273248
695.0   0.8293953
696.0   0.8292579
697.0   0.8311230
698.0   0.8301059
699.0   0.8323841
700.0   0.8346421
701.0   0.8371765
702.0   0.8390963
703.0   0.8401955
704.0   0.8415795
705.0   0.8429484
706.0   0.8440754
707.0   0.8435436
708.0   0.8439440
709.0   0.8465651
710.0   0.8475119
711.0   0.8472171
712.0   0.8484685
713.0   0.8502795
714.0   0.8500817
715.0   0.8507609
716.0   0.8509273
717.0   0.8521006
718.0   0.8523314
719.0   0.8524117
720.0   0.8526802
721.0   0.8532621
722.0   0.8525146
723.0   0.8520413
724.0   0.8498779
725.0   0.8478003
726.0   0.8467385
727.0   0.8464552
728.0   0.8453961
729.0   0.8444785
730.0   0.8417354
731.0   0.8420167
732.0   0.8390367
733.0   0.8372361
734.0   0.8370409
735.0   0.8343574
736.0   0.8326969
737.0   0.8307254
738.0   0.8276433
739.0   0.8278848
740.0   0.8259399
741.0   0.8233737
742.0   0.8210309
743.0   0.8203937
744.0   0.8182723
745.0   0.8156562
746.0   0.8143998
747.0   0.8144606
748.0   0.8100595
749.0   0.8096075
750.0   0.8083000
751.0   0.8071379
752.0   0.8044492
753.0   0.8024497
754.0   0.8007295
755.0   0.7989743
756.0   0.7974733
757.0   0.7959102
758.0   0.7937172
759.0   0.7932025
760.0   0.7912825
761.0   0.7896656
762.0   0.7869793
763.0   0.7851147
764.0   0.7847282
765.0   0.7847930
766.0   0.7821116
767.0   0.7812255
768.0   0.7786075
769.0   0.7789474
770.0   0.7779452
771.0   0.7752886
772.0   0.7735920
773.0   0.7735893
774.0   0.7712617
775.0   0.7721311
776.0   0.7706209
777.0   0.7685590
778.0   0.7668116
779.0   0.7666129
780.0   0.7657391
781.0   0.7651685
782.0   0.7628586
783.0   0.7638989
784.0   0.7623196
785.0   0.7591799
786.0   0.7595491
787.0   0.7585148
788.0   0.7565828
789.0   0.7557986
790.0   0.7566227
791.0   0.7553066
792.0   0.7541259
793.0   0.7534671
794.0   0.7537982
795.0   0.7509260
796.0   0.7504552
797.0   0.7496141
798.0   0.7516715
799.0   0.7491203
800.0   0.7505706
