300.0   0.2117901
301.0   0.2318997
302.0   0.2496073
303.0   0.2650465
304.0   0.2808459
305.0   0.2947904
306.0   0.3063920
307.0   0.3170035
308.0   0.3245629
309.0   0.3334341
310.0   0.3399467
311.0   0.3474571
312.0   0.3542420
313.0   0.3613634
314.0   0.3673549
315.0   0.3756194
316.0   0.3834527
317.0   0.3911928
318.0   0.3976020
319.0   0.4053933
320.0   0.4099026
321.0   0.4159049
322.0   0.4210017
323.0   0.4266326
324.0   0.4322155
325.0   0.4351643
326.0   0.4413844
327.0   0.4454656
328.0   0.4506714
329.0   0.4586727
330.0   0.4604878
331.0   0.4679758
332.0   0.4736205
333.0   0.4803310
334.0   0.4865539
335.0   0.4941125
336.0   0.4999628
337.0   0.5053004
338.0   0.5107826
339.0   0.5150398
340.0   0.5182118
341.0   0.5198792
342.0   0.5223634
343.0   0.5239503
344.0   0.5235969
345.0   0.5257291
346.0   0.5276100
347.0   0.5278567
348.0   0.5302129
349.0   0.5322143
350.0   0.5353390
351.0   0.5355767
352.0   0.5367636
353.0   0.5434273
354.0   0.5456386
355.0   0.5468570
356.0   0.5506383
357.0   0.5544026
358.0   0.5583988
359.0   0.5626996
360.0   0.5690078
361.0   0.5720120
362.0   0.5745358
363.0   0.5830816
364.0   0.5847998
365.0   0.5918975
366.0   0.5971361
367.0   0.5999525
368.0   0.6067401
369.0   0.6111748
370.0   0.6176805
371.0   0.6235525
372.0   0.6275180
373.0   0.6338492
374.0   0.6408429
375.0   0.6443670
376.0   0.6466259
377.0   0.6522344
378.0   0.6524955
379.0   0.6570066
380.0   0.6619674
381.0   0.6635356
382.0   0.6632315
383.0   0.6671696
384.0   0.6699155
385.0   0.6728974
386.0   0.6732516
387.0   0.6778555
388.0   0.6786329
389.0   0.6830330
390.0   0.6841167
391.0   0.6863208
392.0   0.6898366
393.0   0.6936139
394.0   0.6943416
395.0   0.6963235
396.0   0.6976999
397.0   0.6987296
398.0   0.7028569
399.0   0.7033431
400.0   0.7033052
401.0   0.7043442
402.0   0.7087179
403.0   0.7091447
404.0   0.7126992
405.0   0.7147837
406.0   0.7130333
407.0   0.7156049
408.0   0.7162362
409.0   0.7191961
410.0   0.7243353
411.0   0.7238921
412.0   0.7234929
413.0   0.7253006
414.0   0.7253703
415.0   0.7259806
416.0   0.7281577
417.0   0.7290401
418.0   0.7312027
419.0   0.7323711
420.0   0.7325247
421.0   0.7367244
422.0   0.7367420
423.0   0.7387308
424.0   0.7404245
425.0   0.7426955
426.0   0.7431014
427.0   0.7435718
428.0   0.7480860
429.0   0.7488394
430.0   0.7503199
431.0   0.7522126
432.0   0.7535693
433.0   0.7545866
434.0   0.7544715
435.0   0.7548367
436.0   0.7567624
437.0   0.7572386
438.0   0.7579587
439.0   0.7583241
440.0   0.7595373
441.0   0.7625383
442.0   0.7637814
443.0   0.7644648
444.0   0.7615462
445.0   0.7659333
446.0   0.7662029
447.0   0.7656386
448.0   0.7669642
449.0   0.7693878
450.0   0.7695703
451.0   0.7682903
452.0   0.7704700
453.0   0.7711036
454.0   0.7708554
455.0   0.7745931
456.0   0.7714914
457.0   0.7729485
458.0   0.7741577
459.0   0.7725454
460.0   0.7760751
461.0   0.7780650
462.0   0.7802932
463.0   0.7825800
464.0   0.7837975
465.0   0.7856598
466.0   0.7846370
467.0   0.7870837
468.0   0.7883087
469.0   0.7914445
470.0   0.7904719
471.0   0.7925216
472.0   0.7916974
473.0   0.7921168
474.0   0.7954717
475.0   0.7954067
476.0   0.7957942
477.0   0.7942817
478.0   0.7973988
479.0   0.7959553
480.0   0.7964471
481.0   0.7970701
482.0   0.7988103
483.0   0.7991025
484.0   0.8011882
485.0   0.8037871
486.0   0.8049977
487.0   0.8069200
488.0   0.8057518
489.0   0.8094254
490.0   0.8086523
491.0   0.8080160
492.0   0.8098299
493.0   0.8088424
494.0   0.8120131
495.0   0.8111839
496.0   0.8119824
497.0   0.8119556
498.0   0.8101148
499.0   0.8134053
500.0   0.8121330
501.0   0.8125550
502.0   0.8139127
503.0   0.8139395
504.0   0.8139678
505.0   0.8145319
506.0   0.8139324
507.0   0.8136969
508.0   0.8144487
509.0   0.8168659
510.0   0.8164849
511.0   0.8154249
512.0   0.8174624
513.0   0.8157490
514.0   0.8173565
515.0   0.8193996
516.0   0.8203607
517.0   0.8190077
518.0   0.8200942
519.0   0.8202286
520.0   0.8221095
521.0   0.8214903
522.0   0.8229041
523.0   0.8223001
524.0   0.8218513
525.0   0.8226404
526.0   0.8229350
527.0   0.8240985
528.0   0.8255591
529.0   0.8274514
530.0   0.8293398
531.0   0.8299833
532.0   0.8316195
533.0   0.8324894
534.0   0.8311858
535.0   0.8322396
536.0   0.8329081
537.0   0.8304585
538.0   0.8301009
539.0   0.8302295
540.0   0.8309914
541.0   0.8315977
542.0   0.8308501
543.0   0.8314959
544.0   0.8338055
545.0   0.8346432
546.0   0.8364655
547.0   0.8359461
548.0   0.8356231
549.0   0.8364940
550.0   0.8363723
551.0   0.8312763
552.0   0.8327524
553.0   0.8306842
554.0   0.8313667
555.0   0.8306440
556.0   0.8324615
557.0   0.8315828
558.0   0.8325068
559.0   0.8321804
560.0   0.8324321
561.0   0.8318682
562.0   0.8320263
563.0   0.8311663
564.0   0.8323627
565.0   0.8325166
566.0   0.8327446
567.0   0.8322609
568.0   0.8319002
569.0   0.8316738
570.0   0.8351376
571.0   0.8344968
572.0   0.8347271
573.0   0.8343614
574.0   0.8350873
575.0   0.8371497
576.0   0.8390139
577.0   0.8385551
578.0   0.8389136
579.0   0.8393171
580.0   0.8392979
581.0   0.8399645
582.0   0.8383753
583.0   0.8401237
584.0   0.8398175
585.0   0.8382371
586.0   0.8400017
587.0   0.8396031
588.0   0.8394231
589.0   0.8386156
590.0   0.8401680
591.0   0.8406232
592.0   0.8396758
593.0   0.8401686
594.0   0.8400710
595.0   0.8407534
596.0   0.8399105
597.0   0.8421731
598.0   0.8413115
599.0   0.8422283
600.0   0.8415642
601.0   0.8412184
602.0   0.8408537
603.0   0.8401609
604.0   0.8406836
605.0   0.8412511
606.0   0.8415731
607.0   0.8407307
608.0   0.8414629
609.0   0.8400799
610.0   0.8415540
611.0   0.8408376
612.0   0.8392260
613.0   0.8402330
614.0   0.8391786
615.0   0.8389038
616.0   0.8377620
617.0   0.8380323
618.0   0.8359338
619.0   0.8366796
620.0   0.8351621
621.0   0.8346625
622.0   0.8349578
623.0   0.8341162
624.0   0.8305194
625.0   0.8312433
626.0   0.8303462
627.0   0.8305584
628.0   0.8293934
629.0   0.8300655
630.0   0.8309042
631.0   0.8288129
632.0   0.8295878
633.0   0.8290909
634.0   0.8263566
635.0   0.8283401
636.0   0.8256426
637.0   0.8265061
638.0   0.8257440
639.0   0.8275461
640.0   0.8246332
641.0   0.8260996
642.0   0.8255937
643.0   0.8254236
644.0   0.8245218
645.0   0.8243038
646.0   0.8249976
647.0   0.8253352
648.0   0.8258702
649.0   0.8251973
650.0   0.8264145
651.0   0.8247420
652.0   0.8243445
653.0   0.8265383
654.0   0.8256279
655.0   0.8265816
656.0   0.8267168
657.0   0.8268338
658.0   0.8260036
659.0   0.8272867
660.0   0.8262471
661.0   0.8276008
662.0   0.8279972
663.0   0.8282321
664.0   0.8275952
665.0   0.8276532
666.0   0.8285243
667.0   0.8284230
668.0   0.8275902
669.0   0.8272814
670.0   0.8271036
671.0   0.8279389
672.0   0.8280329
673.0   0.8267196
674.0   0.8279691
675.0   0.8251981
676.0   0.8254583
677.0   0.8272301
678.0   0.8261752
679.0   0.8277131
680.0   0.8274550
681.0   0.8273472
682.0   0.8269927
683.0   0.8278797
684.0   0.8277166
685.0   0.8275840
686.0   0.8283646
687.0   0.8288973
688.0   0.8280543
689.0   0.8271347
690.0   0.8292552
691.0   0.8287705
692.0   0.8297312
693.0   0.8304340
694.0   0.8300802
695.0   0.8299851
696.0   0.8315614
697.0   0.8321679
698.0   0.8334892
699.0   0.8332085
700.0   0.8351497
701.0   0.8371114
702.0   0.8381586
703.0   0.8403507
704.0   0.8394120
705.0   0.8397619
706.0   0.8405471
707.0   0.8423605
708.0   0.8397984
709.0   0.8405312
710.0   0.8405761
711.0   0.8404802
712.0   0.8393060
713.0   0.8390597
714.0   0.8384257
715.0   0.8380122
716.0   0.8376377
717.0   0.8375027
718.0   0.8360844
719.0   0.8365232
720.0   0.8347643
721.0   0.8333108
722.0   0.8316047
723.0   0.8328511
724.0   0.8305691
725.0   0.8282037
726.0   0.8262074
727.0   0.8229995
728.0   0.8242543
729.0   0.8213430
730.0   0.8202646
731.0   0.8161045
732.0   0.8163467
733.0   0.8123179
734.0   0.8105102
735.0   0.8090895
736.0   0.8056999
737.0   0.8052508
738.0   0.8027867
739.0   0.8012928
740.0   0.7984891
741.0   0.7958420
742.0   0.7942328
743.0   0.7930293
744.0   0.7915409
745.0   0.7890957
746.0   0.7854549
747.0   0.7850128
748.0   0.7834312
749.0   0.7830962
750.0   0.7810361
751.0   0.7801803
752.0   0.7775151
753.0   0.7755651
754.0   0.7744462
755.0   0.7723711
756.0   0.7715611
757.0   0.7702666
758.0   0.7686633
759.0   0.7681019
760.0   0.7656893
761.0   0.7645061
762.0   0.7627002
763.0   0.7624726
764.0   0.7599599
765.0   0.7584317
766.0   0.7585669
767.0   0.7592847
768.0   0.7579351
769.0   0.7564268
770.0   0.7563180
771.0   0.7547538
772.0   0.7545483
773.0   0.7542761
774.0   0.7532211
775.0   0.7518725
776.0   0.7507435
777.0   0.7490431
778.0   0.7499792
779.0   0.7486057
780.0   0.7488489
781.0   0.7457469
782.0   0.7477668
783.0   0.7474403
784.0   0.7460048
785.0   0.7456446
786.0   0.7443378
787.0   0.7438497
788.0   0.7440794
789.0   0.7425026
790.0   0.7435482
791.0   0.7427263
792.0   0.7430394
793.0   0.7444947
794.0   0.7420833
795.0   0.7438189
796.0   0.7432979
797.0   0.7432058
798.0   0.7416228
799.0   0.7434682
800.0   0.7432332
