300.0   0.2119943
301.0   0.2318313
302.0   0.2488439
303.0   0.2642834
304.0   0.2790918
305.0   0.2923525
306.0   0.3040311
307.0   0.3136960
308.0   0.3234868
309.0   0.3297913
310.0   0.3363983
311.0   0.3433202
312.0   0.3492574
313.0   0.3556868
314.0   0.3624074
315.0   0.3699618
316.0   0.3758833
317.0   0.3831030
318.0   0.3910451
319.0   0.3977590
320.0   0.4042625
321.0   0.4091803
322.0   0.4131673
323.0   0.4178685
324.0   0.4208914
325.0   0.4237627
326.0   0.4274848
327.0   0.4326163
328.0   0.4355213
329.0   0.4409673
330.0   0.4455524
331.0   0.4523761
332.0   0.4564808
333.0   0.4630911
334.0   0.4709981
335.0   0.4786200
336.0   0.4829061
337.0   0.4896372
338.0   0.4950037
339.0   0.4980545
340.0   0.5039841
341.0   0.5069714
342.0   0.5112755
343.0   0.5145149
344.0   0.5194033
345.0   0.5209115
346.0   0.5251897
347.0   0.5270395
348.0   0.5321208
349.0   0.5327758
350.0   0.5348658
351.0   0.5351991
352.0   0.5376454
353.0   0.5427659
354.0   0.5426022
355.0   0.5438798
356.0   0.5463159
357.0   0.5469352
358.0   0.5510912
359.0   0.5548805
360.0   0.5586094
361.0   0.5623219
362.0   0.5690533
363.0   0.5720721
364.0   0.5759920
365.0   0.5819918
366.0   0.5873453
367.0   0.5918838
368.0   0.5980220
369.0   0.6036032
370.0   0.6094065
371.0   0.6146066
372.0   0.6191588
373.0   0.6242269
374.0   0.6295314
375.0   0.6344907
376.0   0.6400354
377.0   0.6448017
378.0   0.6464215
379.0   0.6502422
380.0   0.6499834
381.0   0.6512599
382.0   0.6573324
383.0   0.6581639
384.0   0.6607875
385.0   0.6618686
386.0   0.6656703
387.0   0.6684087
388.0   0.6689105
389.0   0.6705548
390.0   0.6714531
391.0   0.6734473
392.0   0.6733171
393.0   0.6779163
394.0   0.6796308
395.0   0.6821141
396.0   0.6859592
397.0   0.6868098
398.0   0.6880224
399.0   0.6910088
400.0   0.6912941
401.0   0.6906439
402.0   0.6930261
403.0   0.6959448
404.0   0.6952894
405.0   0.6978443
406.0   0.7011533
407.0   0.7011583
408.0   0.7059119
409.0   0.7084455
410.0   0.7052862
411.0   0.7077367
412.0   0.7084274
413.0   0.7114579
414.0   0.7108822
415.0   0.7118946
416.0   0.7154575
417.0   0.7159066
418.0   0.7165826
419.0   0.7162520
420.0   0.7185107
421.0   0.7188408
422.0   0.7213682
423.0   0.7242185
424.0   0.7264416
425.0   0.7259645
426.0   0.7273162
427.0   0.7295652
428.0   0.7324168
429.0   0.7309979
430.0   0.7326097
431.0   0.7343398
432.0   0.7335933
433.0   0.7357170
434.0   0.7373018
435.0   0.7382398
436.0   0.7390852
437.0   0.7374844
438.0   0.7374830
439.0   0.7396080
440.0   0.7383377
441.0   0.7416011
442.0   0.7408023
443.0   0.7425925
444.0   0.7462853
445.0   0.7439313
446.0   0.7437992
447.0   0.7457674
448.0   0.7451942
449.0   0.7483413
450.0   0.7482278
451.0   0.7497790
452.0   0.7495070
453.0   0.7505604
454.0   0.7523525
455.0   0.7532195
456.0   0.7539425
457.0   0.7533266
458.0   0.7545432
459.0   0.7577507
460.0   0.7593856
461.0   0.7612879
462.0   0.7627854
463.0   0.7661542
464.0   0.7640906
465.0   0.7660212
466.0   0.7695186
467.0   0.7702243
468.0   0.7745376
469.0   0.7736797
470.0   0.7770262
471.0   0.7758152
472.0   0.7766633
473.0   0.7784783
474.0   0.7821219
475.0   0.7804988
476.0   0.7811190
477.0   0.7813251
478.0   0.7820066
479.0   0.7845413
480.0   0.7873119
481.0   0.7855058
482.0   0.7880512
483.0   0.7867999
484.0   0.7903027
485.0   0.7895242
486.0   0.7906855
487.0   0.7976912
488.0   0.7957855
489.0   0.7966784
490.0   0.7981752
491.0   0.7998393
492.0   0.7969529
493.0   0.7990331
494.0   0.7996516
495.0   0.8010968
496.0   0.8025406
497.0   0.7986264
498.0   0.8020687
499.0   0.8007736
500.0   0.8020617
501.0   0.8019786
502.0   0.8020938
503.0   0.8009772
504.0   0.8034573
505.0   0.8015137
506.0   0.8020589
507.0   0.8039579
508.0   0.8038898
509.0   0.8060359
510.0   0.8036589
511.0   0.8033913
512.0   0.8027969
513.0   0.8065241
514.0   0.8045448
515.0   0.8070252
516.0   0.8048912
517.0   0.8097009
518.0   0.8101191
519.0   0.8108669
520.0   0.8102395
521.0   0.8147898
522.0   0.8135664
523.0   0.8140771
524.0   0.8185987
525.0   0.8168199
526.0   0.8166454
527.0   0.8169270
528.0   0.8232928
529.0   0.8243230
530.0   0.8267999
531.0   0.8297878
532.0   0.8262696
533.0   0.8301620
534.0   0.8317445
535.0   0.8325440
536.0   0.8346987
537.0   0.8332608
538.0   0.8336249
539.0   0.8357767
540.0   0.8334682
541.0   0.8341173
542.0   0.8404693
543.0   0.8387944
544.0   0.8406177
545.0   0.8409405
546.0   0.8484352
547.0   0.8465382
548.0   0.8459691
549.0   0.8459793
550.0   0.8478944
551.0   0.8404056
552.0   0.8459929
553.0   0.8428372
554.0   0.8448957
555.0   0.8476476
556.0   0.8482899
557.0   0.8473509
558.0   0.8506663
559.0   0.8526038
560.0   0.8515252
561.0   0.8506656
562.0   0.8535404
563.0   0.8530357
564.0   0.8504248
565.0   0.8534264
566.0   0.8552706
567.0   0.8548501
568.0   0.8575949
569.0   0.8590863
570.0   0.8549682
571.0   0.8590786
572.0   0.8594903
573.0   0.8591248
574.0   0.8554837
575.0   0.8601898
576.0   0.8598863
577.0   0.8601846
578.0   0.8609416
579.0   0.8606313
580.0   0.8582218
581.0   0.8576393
582.0   0.8580658
583.0   0.8546111
584.0   0.8541410
585.0   0.8554198
586.0   0.8542543
587.0   0.8526142
588.0   0.8533337
589.0   0.8491072
590.0   0.8504829
591.0   0.8503848
592.0   0.8500368
593.0   0.8483786
594.0   0.8468280
595.0   0.8459953
596.0   0.8452424
597.0   0.8443924
598.0   0.8454388
599.0   0.8426489
600.0   0.8439006
601.0   0.8406391
602.0   0.8403043
603.0   0.8407454
604.0   0.8411417
605.0   0.8404940
606.0   0.8408431
607.0   0.8410949
608.0   0.8376888
609.0   0.8383284
610.0   0.8391025
611.0   0.8381363
612.0   0.8366210
613.0   0.8377067
614.0   0.8370967
615.0   0.8367491
616.0   0.8369122
617.0   0.8372251
618.0   0.8350039
619.0   0.8350061
620.0   0.8348249
621.0   0.8333933
622.0   0.8308631
623.0   0.8320147
624.0   0.8312303
625.0   0.8314239
626.0   0.8310680
627.0   0.8299250
628.0   0.8303948
629.0   0.8312722
630.0   0.8297877
631.0   0.8298520
632.0   0.8293038
633.0   0.8295615
634.0   0.8281775
635.0   0.8278641
636.0   0.8284563
637.0   0.8283495
638.0   0.8278184
639.0   0.8282323
640.0   0.8284415
641.0   0.8267035
642.0   0.8247590
643.0   0.8276476
644.0   0.8273410
645.0   0.8262695
646.0   0.8256216
647.0   0.8257042
648.0   0.8266249
649.0   0.8255743
650.0   0.8242203
651.0   0.8271974
652.0   0.8244090
653.0   0.8252551
654.0   0.8262768
655.0   0.8266105
656.0   0.8243642
657.0   0.8264970
658.0   0.8240141
659.0   0.8256750
660.0   0.8259392
661.0   0.8252484
662.0   0.8247518
663.0   0.8240699
664.0   0.8251293
665.0   0.8258561
666.0   0.8233049
667.0   0.8236483
668.0   0.8221468
669.0   0.8216110
670.0   0.8213342
671.0   0.8204579
672.0   0.8184006
673.0   0.8194556
674.0   0.8179093
675.0   0.8186270
676.0   0.8165337
677.0   0.8179710
678.0   0.8168225
679.0   0.8180392
680.0   0.8181591
681.0   0.8176322
682.0   0.8186956
683.0   0.8178422
684.0   0.8176904
685.0   0.8199158
686.0   0.8194823
687.0   0.8188502
688.0   0.8206969
689.0   0.8213835
690.0   0.8224570
691.0   0.8226114
692.0   0.8232531
693.0   0.8254899
694.0   0.8257054
695.0   0.8272787
696.0   0.8285074
697.0   0.8297887
698.0   0.8313219
699.0   0.8331700
700.0   0.8355692
701.0   0.8381430
702.0   0.8398310
703.0   0.8429822
704.0   0.8431695
705.0   0.8451785
706.0   0.8492558
707.0   0.8501899
708.0   0.8518956
709.0   0.8536882
710.0   0.8560449
711.0   0.8575344
712.0   0.8616438
713.0   0.8632896
714.0   0.8662107
715.0   0.8687729
716.0   0.8720501
717.0   0.8733811
718.0   0.8761665
719.0   0.8794394
720.0   0.8822850
721.0   0.8850830
722.0   0.8878825
723.0   0.8885807
724.0   0.8926921
725.0   0.8937403
726.0   0.8958891
727.0   0.8960600
728.0   0.8988565
729.0   0.8998484
730.0   0.9018447
731.0   0.9033723
732.0   0.9030994
733.0   0.9038220
734.0   0.9051860
735.0   0.9076840
736.0   0.9089938
737.0   0.9086419
738.0   0.9106095
739.0   0.9091614
740.0   0.9122757
741.0   0.9131297
742.0   0.9146619
743.0   0.9138924
744.0   0.9157133
745.0   0.9160224
746.0   0.9164586
747.0   0.9184024
748.0   0.9176652
749.0   0.9184591
750.0   0.9187899
751.0   0.9197824
752.0   0.9201022
753.0   0.9201061
754.0   0.9201676
755.0   0.9224149
756.0   0.9208429
757.0   0.9207758
758.0   0.9193538
759.0   0.9219787
760.0   0.9193867
761.0   0.9196177
762.0   0.9209756
763.0   0.9197857
764.0   0.9189227
765.0   0.9175609
766.0   0.9181000
767.0   0.9186030
768.0   0.9198725
769.0   0.9198873
770.0   0.9193079
771.0   0.9194888
772.0   0.9192329
773.0   0.9156567
774.0   0.9169157
775.0   0.9165412
776.0   0.9156735
777.0   0.9123290
778.0   0.9114922
779.0   0.9126362
780.0   0.9129602
781.0   0.9119628
782.0   0.9126836
783.0   0.9121172
784.0   0.9113675
785.0   0.9101249
786.0   0.9118117
787.0   0.9076894
788.0   0.9071718
789.0   0.9077487
790.0   0.9061631
791.0   0.9077219
792.0   0.9048164
793.0   0.9063175
794.0   0.9039742
795.0   0.9059184
796.0   0.9034446
797.0   0.9039613
798.0   0.9021833
799.0   0.9001502
800.0   0.9017502
