300.0   0.1675524
301.0   0.1842507
302.0   0.1994429
303.0   0.2151190
304.0   0.2283920
305.0   0.2414314
306.0   0.2526950
307.0   0.2635566
308.0   0.2725544
309.0   0.2791266
310.0   0.2881903
311.0   0.2947070
312.0   0.2996183
313.0   0.3084239
314.0   0.3153887
315.0   0.3231002
316.0   0.3299676
317.0   0.3381198
318.0   0.3443382
319.0   0.3507512
320.0   0.3564211
321.0   0.3591959
322.0   0.3659759
323.0   0.3714814
324.0   0.3755862
325.0   0.3794256
326.0   0.3853131
327.0   0.3884079
328.0   0.3942007
329.0   0.4000302
330.0   0.4034687
331.0   0.4099659
332.0   0.4162851
333.0   0.4253691
334.0   0.4328683
335.0   0.4372866
336.0   0.4443092
337.0   0.4502475
338.0   0.4534532
339.0   0.4572052
340.0   0.4607035
341.0   0.4630702
342.0   0.4649924
343.0   0.4656677
344.0   0.4691400
345.0   0.4684647
346.0   0.4690442
347.0   0.4704274
348.0   0.4739723
349.0   0.4780271
350.0   0.4790115
351.0   0.4814467
352.0   0.4839318
353.0   0.4911030
354.0   0.4912608
355.0   0.4935303
356.0   0.4961645
357.0   0.4995855
358.0   0.5056237
359.0   0.5096990
360.0   0.5142885
361.0   0.5178531
362.0   0.5215609
363.0   0.5298437
364.0   0.5319180
365.0   0.5368482
366.0   0.5410083
367.0   0.5486723
368.0   0.5504792
369.0   0.5579419
370.0   0.5624053
371.0   0.5697573
372.0   0.5735646
373.0   0.5779086
374.0   0.5815115
375.0   0.5888754
376.0   0.5962263
377.0   0.5978839
378.0   0.6014094
379.0   0.6049169
380.0   0.6112130
381.0   0.6141697
382.0   0.6152196
383.0   0.6187448
384.0   0.6213041
385.0   0.6226557
386.0   0.6278915
387.0   0.6285889
388.0   0.6300973
389.0   0.6338119
390.0   0.6363705
391.0   0.6396150
392.0   0.6421778
393.0   0.6436917
394.0   0.6459089
395.0   0.6495700
396.0   0.6511781
397.0   0.6519757
398.0   0.6549803
399.0   0.6558087
400.0   0.6586301
401.0   0.6586470
402.0   0.6589852
403.0   0.6620117
404.0   0.6628540
405.0   0.6668566
406.0   0.6672038
407.0   0.6711239
408.0   0.6690242
409.0   0.6724076
410.0   0.6724475
411.0   0.6747499
412.0   0.6767801
413.0   0.6779830
414.0   0.6765953
415.0   0.6740281
416.0   0.6764727
417.0   0.6746485
418.0   0.6758430
419.0   0.6775529
420.0   0.6777565
421.0   0.6803379
422.0   0.6815879
423.0   0.6872009
424.0   0.6903713
425.0   0.6934319
426.0   0.6965536
427.0   0.7000985
428.0   0.7010880
429.0   0.7034864
430.0   0.7071797
431.0   0.7078815
432.0   0.7101905
433.0   0.7116711
434.0   0.7151423
435.0   0.7157684
436.0   0.7183949
437.0   0.7194940
438.0   0.7201781
439.0   0.7205472
440.0   0.7172244
441.0   0.7117990
442.0   0.7137819
443.0   0.7169911
444.0   0.7301473
445.0   0.7314316
446.0   0.7338852
447.0   0.7331158
448.0   0.7364639
449.0   0.7379113
450.0   0.7400844
451.0   0.7422783
452.0   0.7418554
453.0   0.7440029
454.0   0.7463417
455.0   0.7451430
456.0   0.7467837
457.0   0.7467423
458.0   0.7500644
459.0   0.7509024
460.0   0.7544682
461.0   0.7564654
462.0   0.7549673
463.0   0.7569206
464.0   0.7615555
465.0   0.7630753
466.0   0.7640731
467.0   0.7652695
468.0   0.7665678
469.0   0.7658983
470.0   0.7680129
471.0   0.7670777
472.0   0.7692263
473.0   0.7677129
474.0   0.7698504
475.0   0.7694804
476.0   0.7697347
477.0   0.7670072
478.0   0.7663416
479.0   0.7700720
480.0   0.7696445
481.0   0.7672991
482.0   0.7714026
483.0   0.7740126
484.0   0.7781157
485.0   0.7807398
486.0   0.7806904
487.0   0.7828802
488.0   0.7827597
489.0   0.7856180
490.0   0.7849751
491.0   0.7876604
492.0   0.7887332
493.0   0.7862835
494.0   0.7896149
495.0   0.7873408
496.0   0.7881713
497.0   0.7856045
498.0   0.7870847
499.0   0.7873229
500.0   0.7881486
501.0   0.7881932
502.0   0.7864189
503.0   0.7853363
504.0   0.7837547
505.0   0.7839515
506.0   0.7864764
507.0   0.7837690
508.0   0.7821916
509.0   0.7848584
510.0   0.7844794
511.0   0.7884898
512.0   0.7883855
513.0   0.7868809
514.0   0.7886962
515.0   0.7902844
516.0   0.7927390
517.0   0.7943800
518.0   0.7948259
519.0   0.7932726
520.0   0.7978859
521.0   0.7951568
522.0   0.8000028
523.0   0.7986404
524.0   0.8008441
525.0   0.8024928
526.0   0.8048875
527.0   0.8069118
528.0   0.8113584
529.0   0.8134205
530.0   0.8157885
531.0   0.8161695
532.0   0.8180878
533.0   0.8210608
534.0   0.8192511
535.0   0.8209019
536.0   0.8227559
537.0   0.8241296
538.0   0.8234366
539.0   0.8228561
540.0   0.8251903
541.0   0.8239544
542.0   0.8292005
543.0   0.8283236
544.0   0.8302061
545.0   0.8323510
546.0   0.8335009
547.0   0.8339024
548.0   0.8362756
549.0   0.8359041
550.0   0.8347419
551.0   0.8312406
552.0   0.8310787
553.0   0.8321098
554.0   0.8317940
555.0   0.8316723
556.0   0.8333665
557.0   0.8303892
558.0   0.8306367
559.0   0.8335482
560.0   0.8319289
561.0   0.8311238
562.0   0.8304382
563.0   0.8303343
564.0   0.8327023
565.0   0.8329867
566.0   0.8331131
567.0   0.8343296
568.0   0.8347485
569.0   0.8334219
570.0   0.8356820
571.0   0.8360920
572.0   0.8372614
573.0   0.8381932
574.0   0.8374610
575.0   0.8392277
576.0   0.8387798
577.0   0.8420354
578.0   0.8409687
579.0   0.8406107
580.0   0.8405838
581.0   0.8421010
582.0   0.8410260
583.0   0.8420073
584.0   0.8381291
585.0   0.8410273
586.0   0.8388892
587.0   0.8387134
588.0   0.8392865
589.0   0.8382009
590.0   0.8371880
591.0   0.8394054
592.0   0.8370708
593.0   0.8377153
594.0   0.8388970
595.0   0.8359853
596.0   0.8384681
597.0   0.8398098
598.0   0.8401540
599.0   0.8382901
600.0   0.8377645
601.0   0.8364269
602.0   0.8349492
603.0   0.8347981
604.0   0.8361712
605.0   0.8350563
606.0   0.8337796
607.0   0.8374446
608.0   0.8347318
609.0   0.8357416
610.0   0.8348370
611.0   0.8362435
612.0   0.8364168
613.0   0.8359171
614.0   0.8364292
615.0   0.8359878
616.0   0.8338933
617.0   0.8328148
618.0   0.8327297
619.0   0.8325081
620.0   0.8307660
621.0   0.8293997
622.0   0.8307302
623.0   0.8286136
624.0   0.8275765
625.0   0.8291993
626.0   0.8286299
627.0   0.8276265
628.0   0.8273099
629.0   0.8269635
630.0   0.8266536
631.0   0.8258740
632.0   0.8257705
633.0   0.8268973
634.0   0.8257966
635.0   0.8257180
636.0   0.8264064
637.0   0.8252751
638.0   0.8252503
639.0   0.8268565
640.0   0.8257087
641.0   0.8259472
642.0   0.8249323
643.0   0.8234246
644.0   0.8239752
645.0   0.8225647
646.0   0.8238074
647.0   0.8215722
648.0   0.8209940
649.0   0.8218020
650.0   0.8223967
651.0   0.8212813
652.0   0.8222052
653.0   0.8219077
654.0   0.8207419
655.0   0.8219345
656.0   0.8214575
657.0   0.8210909
658.0   0.8217754
659.0   0.8220519
660.0   0.8222963
661.0   0.8225588
662.0   0.8236896
663.0   0.8241340
664.0   0.8250438
665.0   0.8239363
666.0   0.8219090
667.0   0.8238822
668.0   0.8217063
669.0   0.8188673
670.0   0.8201356
671.0   0.8209974
672.0   0.8193879
673.0   0.8191580
674.0   0.8174057
675.0   0.8175367
676.0   0.8161158
677.0   0.8166800
678.0   0.8159192
679.0   0.8153287
680.0   0.8159252
681.0   0.8138457
682.0   0.8139441
683.0   0.8154694
684.0   0.8158884
685.0   0.8168028
686.0   0.8165248
687.0   0.8160825
688.0   0.8168441
689.0   0.8142784
690.0   0.8162621
691.0   0.8161076
692.0   0.8140456
693.0   0.8164084
694.0   0.8148055
695.0   0.8156528
696.0   0.8181319
697.0   0.8172413
698.0   0.8171185
699.0   0.8192780
700.0   0.8188349
701.0   0.8216042
702.0   0.8232388
703.0   0.8221857
704.0   0.8250686
705.0   0.8250219
706.0   0.8254274
707.0   0.8265492
708.0   0.8254702
709.0   0.8274284
710.0   0.8262075
711.0   0.8273980
712.0   0.8290308
713.0   0.8271259
714.0   0.8288758
715.0   0.8293579
716.0   0.8295209
717.0   0.8292462
718.0   0.8307454
719.0   0.8292421
720.0   0.8297262
721.0   0.8273344
722.0   0.8278911
723.0   0.8273381
724.0   0.8260517
725.0   0.8248836
726.0   0.8219915
727.0   0.8220436
728.0   0.8211320
729.0   0.8186432
730.0   0.8166877
731.0   0.8159178
732.0   0.8155143
733.0   0.8113168
734.0   0.8110154
735.0   0.8071108
736.0   0.8069503
737.0   0.8041569
738.0   0.8036205
739.0   0.8001313
740.0   0.7991560
741.0   0.7972292
742.0   0.7970346
743.0   0.7953256
744.0   0.7936055
745.0   0.7920723
746.0   0.7901703
747.0   0.7877659
748.0   0.7875946
749.0   0.7860844
750.0   0.7829046
751.0   0.7823533
752.0   0.7796286
753.0   0.7792801
754.0   0.7775275
755.0   0.7768966
756.0   0.7742888
757.0   0.7744173
758.0   0.7694737
759.0   0.7707804
760.0   0.7692362
761.0   0.7663446
762.0   0.7646031
763.0   0.7638204
764.0   0.7644827
765.0   0.7621956
766.0   0.7597617
767.0   0.7595359
768.0   0.7567256
769.0   0.7573285
770.0   0.7584706
771.0   0.7554449
772.0   0.7563703
773.0   0.7563005
774.0   0.7533838
775.0   0.7533876
776.0   0.7506820
777.0   0.7504564
778.0   0.7501677
779.0   0.7492965
780.0   0.7489342
781.0   0.7495493
782.0   0.7468854
783.0   0.7468518
784.0   0.7463045
785.0   0.7447237
786.0   0.7454596
787.0   0.7437108
788.0   0.7426414
789.0   0.7440865
790.0   0.7423077
791.0   0.7419484
792.0   0.7409714
793.0   0.7407827
794.0   0.7405378
795.0   0.7392749
796.0   0.7406957
797.0   0.7392285
798.0   0.7390314
799.0   0.7396762
800.0   0.7418275
