300.0   0.4171067
301.0   0.4276366
302.0   0.4380628
303.0   0.4484067
304.0   0.4583626
305.0   0.4666064
306.0   0.4753912
307.0   0.4850338
308.0   0.4893506
309.0   0.4978227
310.0   0.5040660
311.0   0.5128180
312.0   0.5175255
313.0   0.5224898
314.0   0.5259810
315.0   0.5326053
316.0   0.5324904
317.0   0.5398243
318.0   0.5397553
319.0   0.5423857
320.0   0.5459101
321.0   0.5478733
322.0   0.5497631
323.0   0.5541317
324.0   0.5510742
325.0   0.5552804
326.0   0.5572002
327.0   0.5573060
328.0   0.5598592
329.0   0.5588691
330.0   0.5598369
331.0   0.5633292
332.0   0.5637561
333.0   0.5631731
334.0   0.5659910
335.0   0.5695265
336.0   0.5678756
337.0   0.5720369
338.0   0.5740561
339.0   0.5736226
340.0   0.5730987
341.0   0.5752981
342.0   0.5789878
343.0   0.5810571
344.0   0.5824646
345.0   0.5844331
346.0   0.5854396
347.0   0.5884937
348.0   0.5881242
349.0   0.5922207
350.0   0.5941708
351.0   0.5911963
352.0   0.5939059
353.0   0.6011878
354.0   0.6052831
355.0   0.6034929
356.0   0.6053460
357.0   0.6089210
358.0   0.6090741
359.0   0.6118541
360.0   0.6136687
361.0   0.6157735
362.0   0.6171107
363.0   0.6203161
364.0   0.6220558
365.0   0.6208026
366.0   0.6253581
367.0   0.6285825
368.0   0.6260797
369.0   0.6274041
370.0   0.6318736
371.0   0.6292749
372.0   0.6328795
373.0   0.6333927
374.0   0.6332931
375.0   0.6365123
376.0   0.6368563
377.0   0.6400079
378.0   0.6429755
379.0   0.6428519
380.0   0.6441916
381.0   0.6467226
382.0   0.6496751
383.0   0.6509467
384.0   0.6499152
385.0   0.6541550
386.0   0.6535937
387.0   0.6574398
388.0   0.6568344
389.0   0.6621274
390.0   0.6620860
391.0   0.6673572
392.0   0.6673909
393.0   0.6668307
394.0   0.6710431
395.0   0.6731816
396.0   0.6768375
397.0   0.6754826
398.0   0.6781874
399.0   0.6799250
400.0   0.6819198
401.0   0.6818324
402.0   0.6846281
403.0   0.6861976
404.0   0.6872307
405.0   0.6877417
406.0   0.6887881
407.0   0.6912360
408.0   0.6921160
409.0   0.6951273
410.0   0.6963627
411.0   0.6992773
412.0   0.6989990
413.0   0.7024160
414.0   0.7022684
415.0   0.7029216
416.0   0.7056602
417.0   0.7053244
418.0   0.7054380
419.0   0.7081159
420.0   0.7082032
421.0   0.7094924
422.0   0.7140370
423.0   0.7166547
424.0   0.7154174
425.0   0.7195452
426.0   0.7200665
427.0   0.7221918
428.0   0.7250959
429.0   0.7266754
430.0   0.7267210
431.0   0.7281924
432.0   0.7317749
433.0   0.7279221
434.0   0.7313503
435.0   0.7344616
436.0   0.7358184
437.0   0.7369303
438.0   0.7343851
439.0   0.7372527
440.0   0.7410562
441.0   0.7420292
442.0   0.7431881
443.0   0.7429533
444.0   0.7433150
445.0   0.7442708
446.0   0.7497105
447.0   0.7505174
448.0   0.7468569
449.0   0.7511229
450.0   0.7508843
451.0   0.7546107
452.0   0.7511972
453.0   0.7530367
454.0   0.7551761
455.0   0.7573463
456.0   0.7565377
457.0   0.7580430
458.0   0.7588806
459.0   0.7593299
460.0   0.7625676
461.0   0.7651473
462.0   0.7644878
463.0   0.7632015
464.0   0.7647473
465.0   0.7692903
466.0   0.7686737
467.0   0.7688978
468.0   0.7720859
469.0   0.7681784
470.0   0.7718029
471.0   0.7698744
472.0   0.7715615
473.0   0.7713750
474.0   0.7750842
475.0   0.7773854
476.0   0.7726793
477.0   0.7743713
478.0   0.7755490
479.0   0.7734493
480.0   0.7761936
481.0   0.7736188
482.0   0.7772797
483.0   0.7788239
484.0   0.7803045
485.0   0.7840670
486.0   0.7857788
487.0   0.7879427
488.0   0.7857893
489.0   0.7866481
490.0   0.7889409
491.0   0.7876039
492.0   0.7936217
493.0   0.7930704
494.0   0.7903127
495.0   0.7919209
496.0   0.7945330
497.0   0.7960309
498.0   0.7972236
499.0   0.7937390
500.0   0.7946083
501.0   0.7939188
502.0   0.7928470
503.0   0.7972840
504.0   0.7948855
505.0   0.7966002
506.0   0.7970703
507.0   0.7979612
508.0   0.7968361
509.0   0.7977627
510.0   0.7985553
511.0   0.7964177
512.0   0.7984792
513.0   0.7980662
514.0   0.7996462
515.0   0.8025809
516.0   0.8013296
517.0   0.8041681
518.0   0.8059148
519.0   0.8053906
520.0   0.8031586
521.0   0.8062932
522.0   0.8042535
523.0   0.8053947
524.0   0.8071907
525.0   0.8055258
526.0   0.8049316
527.0   0.8075652
528.0   0.8103460
529.0   0.8105635
530.0   0.8151725
531.0   0.8150285
532.0   0.8162645
533.0   0.8152801
534.0   0.8170516
535.0   0.8170394
536.0   0.8162522
537.0   0.8190704
538.0   0.8162707
539.0   0.8179549
540.0   0.8182810
541.0   0.8197632
542.0   0.8198542
543.0   0.8199865
544.0   0.8224291
545.0   0.8200924
546.0   0.8233975
547.0   0.8239195
548.0   0.8249522
549.0   0.8241637
550.0   0.8255519
551.0   0.8190982
552.0   0.8204888
553.0   0.8184979
554.0   0.8202098
555.0   0.8187816
556.0   0.8204543
557.0   0.8209487
558.0   0.8215884
559.0   0.8223752
560.0   0.8198429
561.0   0.8219175
562.0   0.8195058
563.0   0.8196321
564.0   0.8217606
565.0   0.8184390
566.0   0.8210576
567.0   0.8215831
568.0   0.8220048
569.0   0.8201655
570.0   0.8221093
571.0   0.8209281
572.0   0.8232300
573.0   0.8238531
574.0   0.8233577
575.0   0.8221993
576.0   0.8249288
577.0   0.8264163
578.0   0.8258256
579.0   0.8247371
580.0   0.8251515
581.0   0.8241918
582.0   0.8242286
583.0   0.8247560
584.0   0.8230188
585.0   0.8228652
586.0   0.8230582
587.0   0.8239406
588.0   0.8228430
589.0   0.8235127
590.0   0.8203377
591.0   0.8232810
592.0   0.8221700
593.0   0.8225504
594.0   0.8212656
595.0   0.8249614
596.0   0.8240384
597.0   0.8226973
598.0   0.8225156
599.0   0.8245145
600.0   0.8219064
601.0   0.8214799
602.0   0.8201557
603.0   0.8208468
604.0   0.8222885
605.0   0.8206403
606.0   0.8220784
607.0   0.8250037
608.0   0.8259080
609.0   0.8223745
610.0   0.8221382
611.0   0.8229490
612.0   0.8236950
613.0   0.8217492
614.0   0.8218593
615.0   0.8234548
616.0   0.8226730
617.0   0.8222886
618.0   0.8215265
619.0   0.8226570
620.0   0.8237229
621.0   0.8205779
622.0   0.8197011
623.0   0.8206482
624.0   0.8186281
625.0   0.8190013
626.0   0.8194880
627.0   0.8195482
628.0   0.8199892
629.0   0.8200261
630.0   0.8210600
631.0   0.8204732
632.0   0.8204030
633.0   0.8189264
634.0   0.8200619
635.0   0.8187608
636.0   0.8180891
637.0   0.8202022
638.0   0.8192171
639.0   0.8191798
640.0   0.8173741
641.0   0.8172354
642.0   0.8175824
643.0   0.8185420
644.0   0.8177868
645.0   0.8162857
646.0   0.8165723
647.0   0.8166516
648.0   0.8160256
649.0   0.8157849
650.0   0.8167380
651.0   0.8157019
652.0   0.8147701
653.0   0.8155481
654.0   0.8160351
655.0   0.8152027
656.0   0.8152636
657.0   0.8129133
658.0   0.8134180
659.0   0.8145218
660.0   0.8148212
661.0   0.8134408
662.0   0.8129446
663.0   0.8142654
664.0   0.8141116
665.0   0.8137231
666.0   0.8139210
667.0   0.8108329
668.0   0.8101732
669.0   0.8087110
670.0   0.8085021
671.0   0.8066135
672.0   0.8064695
673.0   0.8048003
674.0   0.8050706
675.0   0.8021242
676.0   0.8007372
677.0   0.8000062
678.0   0.7966685
679.0   0.7975659
680.0   0.7958154
681.0   0.7940882
682.0   0.7930960
683.0   0.7951327
684.0   0.7919063
685.0   0.7933149
686.0   0.7914013
687.0   0.7897710
688.0   0.7896759
689.0   0.7873700
690.0   0.7864313
691.0   0.7844148
692.0   0.7858253
693.0   0.7835824
694.0   0.7849025
695.0   0.7841875
696.0   0.7840240
697.0   0.7819476
698.0   0.7818007
699.0   0.7847876
700.0   0.7832411
701.0   0.7820142
702.0   0.7817298
703.0   0.7847626
704.0   0.7841115
705.0   0.7823591
706.0   0.7811492
707.0   0.7836594
708.0   0.7821706
709.0   0.7798416
710.0   0.7825415
711.0   0.7796066
712.0   0.7795874
713.0   0.7780663
714.0   0.7790935
715.0   0.7793940
716.0   0.7796985
717.0   0.7791560
718.0   0.7813020
719.0   0.7824685
720.0   0.7815130
721.0   0.7851936
722.0   0.7843310
723.0   0.7857572
724.0   0.7853142
725.0   0.7854998
726.0   0.7853329
727.0   0.7847592
728.0   0.7851708
729.0   0.7870290
730.0   0.7857177
731.0   0.7859695
732.0   0.7840052
733.0   0.7853840
734.0   0.7848224
735.0   0.7848328
736.0   0.7849462
737.0   0.7843312
738.0   0.7842119
739.0   0.7836383
740.0   0.7826734
741.0   0.7815266
742.0   0.7808111
743.0   0.7785634
744.0   0.7790232
745.0   0.7804892
746.0   0.7780513
747.0   0.7778503
748.0   0.7767212
749.0   0.7742032
750.0   0.7757278
751.0   0.7742903
752.0   0.7752533
753.0   0.7737599
754.0   0.7736228
755.0   0.7736660
756.0   0.7714694
757.0   0.7684332
758.0   0.7699835
759.0   0.7693439
760.0   0.7686823
761.0   0.7666600
762.0   0.7671600
763.0   0.7657090
764.0   0.7651881
765.0   0.7659890
766.0   0.7647443
767.0   0.7644086
768.0   0.7630024
769.0   0.7634592
770.0   0.7625220
771.0   0.7611333
772.0   0.7583674
773.0   0.7611572
774.0   0.7602286
775.0   0.7607775
776.0   0.7571521
777.0   0.7572372
778.0   0.7560103
779.0   0.7557278
780.0   0.7580489
781.0   0.7562639
782.0   0.7542417
783.0   0.7533369
784.0   0.7516726
785.0   0.7513421
786.0   0.7518735
787.0   0.7502556
788.0   0.7501183
789.0   0.7498792
790.0   0.7490818
791.0   0.7482765
792.0   0.7480590
793.0   0.7467292
794.0   0.7454993
795.0   0.7469250
796.0   0.7455853
797.0   0.7442003
798.0   0.7441351
799.0   0.7437474
800.0   0.7416083
