300.0   0.4478534
301.0   0.4577372
302.0   0.4679291
303.0   0.4773517
304.0   0.4881629
305.0   0.4931765
306.0   0.5037697
307.0   0.5075900
308.0   0.5141406
309.0   0.5240885
310.0   0.5270459
311.0   0.5330646
312.0   0.5341810
313.0   0.5382738
314.0   0.5414497
315.0   0.5454662
316.0   0.5495242
317.0   0.5546268
318.0   0.5539403
319.0   0.5564680
320.0   0.5596749
321.0   0.5614378
322.0   0.5598173
323.0   0.5612943
324.0   0.5631016
325.0   0.5665681
326.0   0.5704052
327.0   0.5668948
328.0   0.5678683
329.0   0.5700840
330.0   0.5714819
331.0   0.5734582
332.0   0.5722978
333.0   0.5755092
334.0   0.5765328
335.0   0.5742863
336.0   0.5801504
337.0   0.5777949
338.0   0.5819460
339.0   0.5802005
340.0   0.5851028
341.0   0.5826329
342.0   0.5865353
343.0   0.5873165
344.0   0.5877041
345.0   0.5902510
346.0   0.5915655
347.0   0.5902983
348.0   0.5921553
349.0   0.5957116
350.0   0.5953575
351.0   0.5973382
352.0   0.5981984
353.0   0.6041125
354.0   0.6067025
355.0   0.6134471
356.0   0.6092092
357.0   0.6110017
358.0   0.6158820
359.0   0.6151221
360.0   0.6185229
361.0   0.6196226
362.0   0.6217903
363.0   0.6241673
364.0   0.6246493
365.0   0.6259414
366.0   0.6255605
367.0   0.6280376
368.0   0.6291400
369.0   0.6320383
370.0   0.6293472
371.0   0.6346494
372.0   0.6331879
373.0   0.6365545
374.0   0.6394928
375.0   0.6385313
376.0   0.6377595
377.0   0.6418885
378.0   0.6428532
379.0   0.6468454
380.0   0.6460554
381.0   0.6472400
382.0   0.6500057
383.0   0.6529725
384.0   0.6504078
385.0   0.6524639
386.0   0.6556722
387.0   0.6565368
388.0   0.6574215
389.0   0.6624828
390.0   0.6654830
391.0   0.6661928
392.0   0.6639725
393.0   0.6650811
394.0   0.6706857
395.0   0.6722717
396.0   0.6744711
397.0   0.6772100
398.0   0.6801880
399.0   0.6783183
400.0   0.6784176
401.0   0.6817693
402.0   0.6795459
403.0   0.6819002
404.0   0.6858726
405.0   0.6862829
406.0   0.6876705
407.0   0.6922296
408.0   0.6932025
409.0   0.6941125
410.0   0.6948655
411.0   0.6995041
412.0   0.6952177
413.0   0.6969465
414.0   0.6985597
415.0   0.6973330
416.0   0.7018295
417.0   0.7021116
418.0   0.7016763
419.0   0.7032206
420.0   0.7063889
421.0   0.7104577
422.0   0.7086144
423.0   0.7096805
424.0   0.7105533
425.0   0.7128131
426.0   0.7145768
427.0   0.7178542
428.0   0.7157071
429.0   0.7197812
430.0   0.7199209
431.0   0.7234605
432.0   0.7210530
433.0   0.7226424
434.0   0.7218645
435.0   0.7269878
436.0   0.7238874
437.0   0.7263121
438.0   0.7307965
439.0   0.7280725
440.0   0.7294046
441.0   0.7313814
442.0   0.7307199
443.0   0.7334862
444.0   0.7377294
445.0   0.7378606
446.0   0.7359816
447.0   0.7395249
448.0   0.7395938
449.0   0.7419179
450.0   0.7391248
451.0   0.7413726
452.0   0.7408696
453.0   0.7434450
454.0   0.7415681
455.0   0.7428388
456.0   0.7443568
457.0   0.7446066
458.0   0.7434977
459.0   0.7466130
460.0   0.7472262
461.0   0.7490511
462.0   0.7496675
463.0   0.7530641
464.0   0.7518365
465.0   0.7523793
466.0   0.7525189
467.0   0.7550408
468.0   0.7578515
469.0   0.7588922
470.0   0.7565206
471.0   0.7587843
472.0   0.7590450
473.0   0.7586161
474.0   0.7578280
475.0   0.7612269
476.0   0.7628862
477.0   0.7595458
478.0   0.7573339
479.0   0.7602165
480.0   0.7582471
481.0   0.7605514
482.0   0.7661765
483.0   0.7660440
484.0   0.7666591
485.0   0.7688727
486.0   0.7727849
487.0   0.7679542
488.0   0.7687192
489.0   0.7731443
490.0   0.7711647
491.0   0.7743070
492.0   0.7742202
493.0   0.7761230
494.0   0.7750047
495.0   0.7790756
496.0   0.7738525
497.0   0.7767056
498.0   0.7762107
499.0   0.7763252
500.0   0.7776258
501.0   0.7773812
502.0   0.7775512
503.0   0.7815556
504.0   0.7796704
505.0   0.7777523
506.0   0.7795348
507.0   0.7816652
508.0   0.7795651
509.0   0.7797009
510.0   0.7812578
511.0   0.7818611
512.0   0.7800986
513.0   0.7824214
514.0   0.7827108
515.0   0.7820599
516.0   0.7857159
517.0   0.7842225
518.0   0.7811325
519.0   0.7850434
520.0   0.7833860
521.0   0.7851874
522.0   0.7814428
523.0   0.7844636
524.0   0.7828812
525.0   0.7846691
526.0   0.7864056
527.0   0.7866011
528.0   0.7884711
529.0   0.7888894
530.0   0.7893171
531.0   0.7913995
532.0   0.7899579
533.0   0.7917308
534.0   0.7917199
535.0   0.7909955
536.0   0.7929487
537.0   0.7935690
538.0   0.7916451
539.0   0.7943849
540.0   0.7917722
541.0   0.7924618
542.0   0.7907326
543.0   0.7941300
544.0   0.7930025
545.0   0.7957078
546.0   0.7975143
547.0   0.7984173
548.0   0.7948077
549.0   0.8000691
550.0   0.7997047
551.0   0.7922081
552.0   0.7925608
553.0   0.7916313
554.0   0.7926249
555.0   0.7928197
556.0   0.7954226
557.0   0.7918488
558.0   0.7907110
559.0   0.7937948
560.0   0.7939205
561.0   0.7924182
562.0   0.7939966
563.0   0.7917172
564.0   0.7936729
565.0   0.7919648
566.0   0.7918314
567.0   0.7936742
568.0   0.7954060
569.0   0.7945545
570.0   0.7940905
571.0   0.7948649
572.0   0.7937414
573.0   0.7944529
574.0   0.7941925
575.0   0.7939866
576.0   0.7928419
577.0   0.7965449
578.0   0.7942969
579.0   0.7962652
580.0   0.7934499
581.0   0.7962244
582.0   0.7940511
583.0   0.7927516
584.0   0.7946970
585.0   0.7957328
586.0   0.7937548
587.0   0.7927844
588.0   0.7942965
589.0   0.7931897
590.0   0.7922532
591.0   0.7928503
592.0   0.7914378
593.0   0.7929382
594.0   0.7938627
595.0   0.7900231
596.0   0.7932770
597.0   0.7924458
598.0   0.7926824
599.0   0.7912103
600.0   0.7900228
601.0   0.7903282
602.0   0.7899029
603.0   0.7898343
604.0   0.7930193
605.0   0.7933782
606.0   0.7917540
607.0   0.7908582
608.0   0.7906507
609.0   0.7919239
610.0   0.7892083
611.0   0.7913284
612.0   0.7918860
613.0   0.7901350
614.0   0.7920163
615.0   0.7904174
616.0   0.7903120
617.0   0.7915525
618.0   0.7907796
619.0   0.7913292
620.0   0.7911899
621.0   0.7916093
622.0   0.7897889
623.0   0.7897193
624.0   0.7901816
625.0   0.7889830
626.0   0.7902174
627.0   0.7876500
628.0   0.7859214
629.0   0.7894245
630.0   0.7897839
631.0   0.7884078
632.0   0.7904670
633.0   0.7875018
634.0   0.7879295
635.0   0.7888802
636.0   0.7860166
637.0   0.7865295
638.0   0.7869525
639.0   0.7863793
640.0   0.7868285
641.0   0.7852878
642.0   0.7840567
643.0   0.7860142
644.0   0.7865818
645.0   0.7852776
646.0   0.7865488
647.0   0.7830679
648.0   0.7875524
649.0   0.7844638
650.0   0.7848185
651.0   0.7878285
652.0   0.7852949
653.0   0.7849591
654.0   0.7822107
655.0   0.7826770
656.0   0.7819082
657.0   0.7825639
658.0   0.7816807
659.0   0.7828384
660.0   0.7834718
661.0   0.7815657
662.0   0.7842529
663.0   0.7844133
664.0   0.7807385
665.0   0.7808449
666.0   0.7802823
667.0   0.7798507
668.0   0.7789398
669.0   0.7767935
670.0   0.7772252
671.0   0.7742122
672.0   0.7751058
673.0   0.7739886
674.0   0.7726361
675.0   0.7727315
676.0   0.7691512
677.0   0.7665312
678.0   0.7672653
679.0   0.7649087
680.0   0.7655927
681.0   0.7643765
682.0   0.7649005
683.0   0.7625690
684.0   0.7608470
685.0   0.7624689
686.0   0.7611370
687.0   0.7606285
688.0   0.7620280
689.0   0.7565663
690.0   0.7566218
691.0   0.7595468
692.0   0.7574261
693.0   0.7552695
694.0   0.7552295
695.0   0.7513771
696.0   0.7544488
697.0   0.7528805
698.0   0.7544858
699.0   0.7551385
700.0   0.7549108
701.0   0.7550731
702.0   0.7561176
703.0   0.7561953
704.0   0.7558970
705.0   0.7571321
706.0   0.7571369
707.0   0.7521170
708.0   0.7538370
709.0   0.7529790
710.0   0.7514737
711.0   0.7532313
712.0   0.7522591
713.0   0.7514884
714.0   0.7498036
715.0   0.7517687
716.0   0.7523859
717.0   0.7515260
718.0   0.7558524
719.0   0.7550600
720.0   0.7555483
721.0   0.7554605
722.0   0.7565300
723.0   0.7571374
724.0   0.7599056
725.0   0.7595372
726.0   0.7614346
727.0   0.7585012
728.0   0.7595387
729.0   0.7588199
730.0   0.7599495
731.0   0.7602566
732.0   0.7604849
733.0   0.7588403
734.0   0.7587935
735.0   0.7599914
736.0   0.7587830
737.0   0.7587747
738.0   0.7596543
739.0   0.7578103
740.0   0.7562993
741.0   0.7538322
742.0   0.7548583
743.0   0.7544471
744.0   0.7531699
745.0   0.7530939
746.0   0.7503936
747.0   0.7489351
748.0   0.7514279
749.0   0.7481674
750.0   0.7497041
751.0   0.7478541
752.0   0.7459722
753.0   0.7472085
754.0   0.7468670
755.0   0.7429033
756.0   0.7455593
757.0   0.7447232
758.0   0.7432600
759.0   0.7428896
760.0   0.7420320
761.0   0.7403362
762.0   0.7408387
763.0   0.7404481
764.0   0.7385826
765.0   0.7369244
766.0   0.7364809
767.0   0.7356286
768.0   0.7362416
769.0   0.7375020
770.0   0.7342092
771.0   0.7359881
772.0   0.7335590
773.0   0.7321548
774.0   0.7326943
775.0   0.7322148
776.0   0.7304701
777.0   0.7316176
778.0   0.7309838
779.0   0.7281403
780.0   0.7272321
781.0   0.7261340
782.0   0.7270821
783.0   0.7254902
784.0   0.7229268
785.0   0.7259232
786.0   0.7240642
787.0   0.7219479
788.0   0.7208610
789.0   0.7239175
790.0   0.7210177
791.0   0.7216147
792.0   0.7208930
793.0   0.7175045
794.0   0.7187168
795.0   0.7171770
796.0   0.7155679
797.0   0.7190329
798.0   0.7185146
799.0   0.7150000
800.0   0.7150636
