300.0   0.4510838
301.0   0.4619822
302.0   0.4725456
303.0   0.4817074
304.0   0.4901025
305.0   0.5000341
306.0   0.5025196
307.0   0.5141296
308.0   0.5224764
309.0   0.5265076
310.0   0.5310665
311.0   0.5364428
312.0   0.5421144
313.0   0.5488658
314.0   0.5499292
315.0   0.5521887
316.0   0.5565878
317.0   0.5563543
318.0   0.5570858
319.0   0.5642642
320.0   0.5637468
321.0   0.5630263
322.0   0.5640495
323.0   0.5682345
324.0   0.5688529
325.0   0.5719172
326.0   0.5738511
327.0   0.5762627
328.0   0.5736116
329.0   0.5776673
330.0   0.5790813
331.0   0.5775290
332.0   0.5803169
333.0   0.5816623
334.0   0.5806465
335.0   0.5834622
336.0   0.5827393
337.0   0.5812823
338.0   0.5845467
339.0   0.5881162
340.0   0.5886448
341.0   0.5875580
342.0   0.5911015
343.0   0.5945013
344.0   0.5964971
345.0   0.5963086
346.0   0.5951657
347.0   0.5947011
348.0   0.6003630
349.0   0.5977356
350.0   0.6014119
351.0   0.6028715
352.0   0.6036702
353.0   0.6112645
354.0   0.6149101
355.0   0.6121823
356.0   0.6148374
357.0   0.6188533
358.0   0.6199247
359.0   0.6204319
360.0   0.6229184
361.0   0.6267383
362.0   0.6257857
363.0   0.6271941
364.0   0.6316699
365.0   0.6267994
366.0   0.6316730
367.0   0.6338489
368.0   0.6349378
369.0   0.6352987
370.0   0.6374865
371.0   0.6396808
372.0   0.6393336
373.0   0.6395654
374.0   0.6438899
375.0   0.6443044
376.0   0.6470627
377.0   0.6458760
378.0   0.6477625
379.0   0.6524963
380.0   0.6522847
381.0   0.6543176
382.0   0.6602969
383.0   0.6576918
384.0   0.6581334
385.0   0.6573420
386.0   0.6603576
387.0   0.6630650
388.0   0.6650504
389.0   0.6678991
390.0   0.6671576
391.0   0.6738196
392.0   0.6743335
393.0   0.6772531
394.0   0.6768069
395.0   0.6805162
396.0   0.6788486
397.0   0.6799178
398.0   0.6823291
399.0   0.6856680
400.0   0.6845858
401.0   0.6836908
402.0   0.6894439
403.0   0.6897219
404.0   0.6925413
405.0   0.6900099
406.0   0.6960940
407.0   0.6955632
408.0   0.6978981
409.0   0.6949794
410.0   0.7002721
411.0   0.6988087
412.0   0.7033770
413.0   0.6990893
414.0   0.7028071
415.0   0.7037936
416.0   0.7047722
417.0   0.7068649
418.0   0.7081095
419.0   0.7063827
420.0   0.7105022
421.0   0.7133622
422.0   0.7153782
423.0   0.7146426
424.0   0.7195860
425.0   0.7197798
426.0   0.7197701
427.0   0.7253857
428.0   0.7214269
429.0   0.7224567
430.0   0.7256296
431.0   0.7283058
432.0   0.7274827
433.0   0.7287835
434.0   0.7255261
435.0   0.7297208
436.0   0.7318012
437.0   0.7317230
438.0   0.7325423
439.0   0.7342918
440.0   0.7315627
441.0   0.7368400
442.0   0.7382436
443.0   0.7384911
444.0   0.7414137
445.0   0.7381969
446.0   0.7405815
447.0   0.7422634
448.0   0.7443063
449.0   0.7451210
450.0   0.7450566
451.0   0.7471259
452.0   0.7453067
453.0   0.7493052
454.0   0.7521448
455.0   0.7500426
456.0   0.7504047
457.0   0.7525414
458.0   0.7511622
459.0   0.7506063
460.0   0.7570494
461.0   0.7578471
462.0   0.7578514
463.0   0.7565639
464.0   0.7586831
465.0   0.7600925
466.0   0.7610699
467.0   0.7604329
468.0   0.7611716
469.0   0.7613468
470.0   0.7632466
471.0   0.7617938
472.0   0.7678401
473.0   0.7622268
474.0   0.7663292
475.0   0.7657665
476.0   0.7649308
477.0   0.7677599
478.0   0.7659132
479.0   0.7688646
480.0   0.7652134
481.0   0.7661962
482.0   0.7681722
483.0   0.7699714
484.0   0.7724668
485.0   0.7738132
486.0   0.7741746
487.0   0.7796325
488.0   0.7783255
489.0   0.7787803
490.0   0.7777723
491.0   0.7805314
492.0   0.7787399
493.0   0.7800700
494.0   0.7803473
495.0   0.7811534
496.0   0.7785962
497.0   0.7827068
498.0   0.7823806
499.0   0.7859342
500.0   0.7818409
501.0   0.7835806
502.0   0.7836406
503.0   0.7845706
504.0   0.7832070
505.0   0.7857899
506.0   0.7856021
507.0   0.7833179
508.0   0.7856202
509.0   0.7851422
510.0   0.7871763
511.0   0.7879023
512.0   0.7898159
513.0   0.7884866
514.0   0.7866276
515.0   0.7892702
516.0   0.7874909
517.0   0.7922061
518.0   0.7923124
519.0   0.7936797
520.0   0.7926692
521.0   0.7906515
522.0   0.7909136
523.0   0.7910314
524.0   0.7898598
525.0   0.7915230
526.0   0.7923864
527.0   0.7949817
528.0   0.7949578
529.0   0.7961193
530.0   0.7971867
531.0   0.7976781
532.0   0.8005261
533.0   0.8001963
534.0   0.8001533
535.0   0.7988087
536.0   0.8004469
537.0   0.8009038
538.0   0.7991316
539.0   0.7995783
540.0   0.8014593
541.0   0.7978687
542.0   0.8011576
543.0   0.8000093
544.0   0.8026249
545.0   0.8024180
546.0   0.8061383
547.0   0.8072721
548.0   0.8055176
549.0   0.8054900
550.0   0.8063903
551.0   0.7967791
552.0   0.7971744
553.0   0.8018794
554.0   0.7986109
555.0   0.7994135
556.0   0.8006895
557.0   0.7974423
558.0   0.7956739
559.0   0.7997788
560.0   0.8008202
561.0   0.7984693
562.0   0.8021124
563.0   0.8006303
564.0   0.8013232
565.0   0.7972792
566.0   0.8001639
567.0   0.8020970
568.0   0.8013380
569.0   0.8013914
570.0   0.8001682
571.0   0.7994175
572.0   0.7999225
573.0   0.7988380
574.0   0.8002043
575.0   0.7995626
576.0   0.8038386
577.0   0.7986073
578.0   0.8000180
579.0   0.8017814
580.0   0.8025847
581.0   0.8021009
582.0   0.8017424
583.0   0.8020783
584.0   0.8003681
585.0   0.7990431
586.0   0.8017470
587.0   0.7990121
588.0   0.8013547
589.0   0.8017790
590.0   0.7976921
591.0   0.7993466
592.0   0.8000090
593.0   0.7997865
594.0   0.8008488
595.0   0.8001595
596.0   0.8002905
597.0   0.7990754
598.0   0.7990013
599.0   0.7990288
600.0   0.7970883
601.0   0.7970774
602.0   0.7979817
603.0   0.7969596
604.0   0.7976652
605.0   0.7959196
606.0   0.7988600
607.0   0.7984656
608.0   0.7991205
609.0   0.7994096
610.0   0.7989884
611.0   0.8012052
612.0   0.7981586
613.0   0.7989963
614.0   0.7963601
615.0   0.7976599
616.0   0.7981665
617.0   0.7984106
618.0   0.7983461
619.0   0.7986834
620.0   0.7953706
621.0   0.7941755
622.0   0.8008842
623.0   0.7962664
624.0   0.7962988
625.0   0.7942101
626.0   0.7932433
627.0   0.7940260
628.0   0.7975513
629.0   0.7955192
630.0   0.7953762
631.0   0.7950022
632.0   0.7923828
633.0   0.7936604
634.0   0.7950401
635.0   0.7933696
636.0   0.7962161
637.0   0.7940265
638.0   0.7942137
639.0   0.7936322
640.0   0.7923894
641.0   0.7939673
642.0   0.7928003
643.0   0.7925816
644.0   0.7944766
645.0   0.7946170
646.0   0.7896202
647.0   0.7938334
648.0   0.7909748
649.0   0.7899073
650.0   0.7892282
651.0   0.7921269
652.0   0.7902821
653.0   0.7898851
654.0   0.7915140
655.0   0.7899477
656.0   0.7891664
657.0   0.7893178
658.0   0.7889198
659.0   0.7895524
660.0   0.7888545
661.0   0.7892535
662.0   0.7885060
663.0   0.7884828
664.0   0.7912686
665.0   0.7894277
666.0   0.7880609
667.0   0.7850575
668.0   0.7859069
669.0   0.7820764
670.0   0.7819198
671.0   0.7807752
672.0   0.7830426
673.0   0.7774092
674.0   0.7793414
675.0   0.7766990
676.0   0.7751227
677.0   0.7735686
678.0   0.7733485
679.0   0.7711244
680.0   0.7701516
681.0   0.7702104
682.0   0.7681127
683.0   0.7699624
684.0   0.7670831
685.0   0.7657224
686.0   0.7643336
687.0   0.7645562
688.0   0.7621054
689.0   0.7600187
690.0   0.7610758
691.0   0.7613640
692.0   0.7592504
693.0   0.7590207
694.0   0.7573775
695.0   0.7582783
696.0   0.7570511
697.0   0.7559326
698.0   0.7577790
699.0   0.7565424
700.0   0.7577579
701.0   0.7604523
702.0   0.7564084
703.0   0.7593991
704.0   0.7554043
705.0   0.7589342
706.0   0.7586848
707.0   0.7561571
708.0   0.7557139
709.0   0.7540915
710.0   0.7562702
711.0   0.7539666
712.0   0.7548652
713.0   0.7538135
714.0   0.7531194
715.0   0.7531611
716.0   0.7539491
717.0   0.7549817
718.0   0.7543961
719.0   0.7580705
720.0   0.7571174
721.0   0.7579121
722.0   0.7620543
723.0   0.7621693
724.0   0.7583350
725.0   0.7618528
726.0   0.7606207
727.0   0.7629240
728.0   0.7599696
729.0   0.7615965
730.0   0.7617481
731.0   0.7612789
732.0   0.7619340
733.0   0.7618729
734.0   0.7613850
735.0   0.7617233
736.0   0.7598044
737.0   0.7613381
738.0   0.7611412
739.0   0.7569903
740.0   0.7569006
741.0   0.7587487
742.0   0.7579674
743.0   0.7561304
744.0   0.7517237
745.0   0.7554269
746.0   0.7538677
747.0   0.7527625
748.0   0.7534796
749.0   0.7516664
750.0   0.7497143
751.0   0.7492284
752.0   0.7500326
753.0   0.7478469
754.0   0.7480810
755.0   0.7489597
756.0   0.7472920
757.0   0.7451672
758.0   0.7477889
759.0   0.7449660
760.0   0.7440239
761.0   0.7442044
762.0   0.7417751
763.0   0.7420084
764.0   0.7424821
765.0   0.7384481
766.0   0.7388060
767.0   0.7402266
768.0   0.7388142
769.0   0.7365591
770.0   0.7370870
771.0   0.7384759
772.0   0.7353234
773.0   0.7354870
774.0   0.7352451
775.0   0.7339479
776.0   0.7348090
777.0   0.7319535
778.0   0.7339393
779.0   0.7300193
780.0   0.7294463
781.0   0.7279257
782.0   0.7301952
783.0   0.7280181
784.0   0.7263313
785.0   0.7266563
786.0   0.7279931
787.0   0.7262309
788.0   0.7260221
789.0   0.7227229
790.0   0.7254267
791.0   0.7204982
792.0   0.7223998
793.0   0.7204245
794.0   0.7221820
795.0   0.7195695
796.0   0.7192041
797.0   0.7213703
798.0   0.7204804
799.0   0.7208028
800.0   0.7177483
