300.0   0.4594842
301.0   0.4738986
302.0   0.4830823
303.0   0.4913002
304.0   0.5000143
305.0   0.5144824
306.0   0.5184902
307.0   0.5273968
308.0   0.5335607
309.0   0.5409288
310.0   0.5416149
311.0   0.5471065
312.0   0.5532372
313.0   0.5584082
314.0   0.5632961
315.0   0.5633330
316.0   0.5709742
317.0   0.5722720
318.0   0.5744733
319.0   0.5748199
320.0   0.5800256
321.0   0.5783633
322.0   0.5797711
323.0   0.5837835
324.0   0.5811646
325.0   0.5834701
326.0   0.5863507
327.0   0.5871736
328.0   0.5872103
329.0   0.5909292
330.0   0.5932228
331.0   0.5938969
332.0   0.5917664
333.0   0.5963673
334.0   0.5947374
335.0   0.5987920
336.0   0.5980909
337.0   0.6002728
338.0   0.6019381
339.0   0.6026714
340.0   0.6030907
341.0   0.6015980
342.0   0.6063494
343.0   0.6069115
344.0   0.6071227
345.0   0.6102000
346.0   0.6074962
347.0   0.6130659
348.0   0.6109454
349.0   0.6160247
350.0   0.6164770
351.0   0.6167979
352.0   0.6175909
353.0   0.6278161
354.0   0.6281408
355.0   0.6289154
356.0   0.6339259
357.0   0.6327041
358.0   0.6304295
359.0   0.6353430
360.0   0.6379662
361.0   0.6432188
362.0   0.6400723
363.0   0.6423609
364.0   0.6449419
365.0   0.6470049
366.0   0.6479093
367.0   0.6479700
368.0   0.6495574
369.0   0.6508324
370.0   0.6544524
371.0   0.6549546
372.0   0.6541396
373.0   0.6575578
374.0   0.6580749
375.0   0.6596972
376.0   0.6637083
377.0   0.6644815
378.0   0.6642428
379.0   0.6665670
380.0   0.6713585
381.0   0.6700393
382.0   0.6731357
383.0   0.6743850
384.0   0.6766789
385.0   0.6800350
386.0   0.6793325
387.0   0.6800069
388.0   0.6829488
389.0   0.6846271
390.0   0.6858397
391.0   0.6883194
392.0   0.6896458
393.0   0.6893746
394.0   0.6939721
395.0   0.6974120
396.0   0.6981858
397.0   0.6962624
398.0   0.7014069
399.0   0.7013123
400.0   0.7038982
401.0   0.7043852
402.0   0.7020134
403.0   0.7084611
404.0   0.7079870
405.0   0.7085688
406.0   0.7141229
407.0   0.7122403
408.0   0.7157419
409.0   0.7149816
410.0   0.7174781
411.0   0.7197648
412.0   0.7189443
413.0   0.7220271
414.0   0.7211944
415.0   0.7223469
416.0   0.7234420
417.0   0.7254942
418.0   0.7258082
419.0   0.7281773
420.0   0.7299910
421.0   0.7339578
422.0   0.7329829
423.0   0.7351998
424.0   0.7358765
425.0   0.7376473
426.0   0.7422344
427.0   0.7413689
428.0   0.7439443
429.0   0.7424617
430.0   0.7419664
431.0   0.7437852
432.0   0.7494009
433.0   0.7476662
434.0   0.7505662
435.0   0.7513849
436.0   0.7512581
437.0   0.7494296
438.0   0.7525348
439.0   0.7575176
440.0   0.7578308
441.0   0.7580836
442.0   0.7576893
443.0   0.7605540
444.0   0.7627246
445.0   0.7620344
446.0   0.7639561
447.0   0.7636066
448.0   0.7650354
449.0   0.7663109
450.0   0.7667220
451.0   0.7696563
452.0   0.7688369
453.0   0.7678819
454.0   0.7734347
455.0   0.7703001
456.0   0.7725293
457.0   0.7722459
458.0   0.7757766
459.0   0.7743616
460.0   0.7805275
461.0   0.7767851
462.0   0.7791774
463.0   0.7802869
464.0   0.7803250
465.0   0.7815156
466.0   0.7834355
467.0   0.7831315
468.0   0.7853734
469.0   0.7861940
470.0   0.7843632
471.0   0.7868614
472.0   0.7843863
473.0   0.7862962
474.0   0.7851743
475.0   0.7872925
476.0   0.7875259
477.0   0.7845424
478.0   0.7889518
479.0   0.7892038
480.0   0.7889812
481.0   0.7888499
482.0   0.7920187
483.0   0.7918424
484.0   0.7935609
485.0   0.7945163
486.0   0.7965040
487.0   0.7978420
488.0   0.7998266
489.0   0.7991045
490.0   0.8010412
491.0   0.7990345
492.0   0.8047290
493.0   0.8024541
494.0   0.8034089
495.0   0.8040620
496.0   0.8051730
497.0   0.8060968
498.0   0.8061873
499.0   0.8080508
500.0   0.8091644
501.0   0.8056226
502.0   0.8082853
503.0   0.8093946
504.0   0.8073208
505.0   0.8035158
506.0   0.8092117
507.0   0.8087371
508.0   0.8070669
509.0   0.8103397
510.0   0.8097869
511.0   0.8085384
512.0   0.8103599
513.0   0.8081118
514.0   0.8116109
515.0   0.8138752
516.0   0.8103690
517.0   0.8105712
518.0   0.8121510
519.0   0.8133063
520.0   0.8143833
521.0   0.8135258
522.0   0.8156643
523.0   0.8133314
524.0   0.8129481
525.0   0.8142485
526.0   0.8153929
527.0   0.8178217
528.0   0.8184822
529.0   0.8214558
530.0   0.8203964
531.0   0.8214587
532.0   0.8217028
533.0   0.8201741
534.0   0.8234270
535.0   0.8223950
536.0   0.8236915
537.0   0.8231653
538.0   0.8218550
539.0   0.8214993
540.0   0.8226436
541.0   0.8226711
542.0   0.8231755
543.0   0.8260082
544.0   0.8265583
545.0   0.8274833
546.0   0.8296047
547.0   0.8261939
548.0   0.8292606
549.0   0.8289036
550.0   0.8289581
551.0   0.8249264
552.0   0.8251023
553.0   0.8259659
554.0   0.8221544
555.0   0.8211539
556.0   0.8229957
557.0   0.8241290
558.0   0.8246389
559.0   0.8223895
560.0   0.8230208
561.0   0.8235898
562.0   0.8235401
563.0   0.8200387
564.0   0.8250080
565.0   0.8249489
566.0   0.8227810
567.0   0.8255407
568.0   0.8249582
569.0   0.8255448
570.0   0.8250261
571.0   0.8250771
572.0   0.8244353
573.0   0.8242733
574.0   0.8272244
575.0   0.8258928
576.0   0.8256506
577.0   0.8247880
578.0   0.8274385
579.0   0.8291538
580.0   0.8283293
581.0   0.8290360
582.0   0.8263420
583.0   0.8282019
584.0   0.8267831
585.0   0.8256967
586.0   0.8278155
587.0   0.8253597
588.0   0.8264041
589.0   0.8242026
590.0   0.8227474
591.0   0.8238566
592.0   0.8239435
593.0   0.8246331
594.0   0.8226986
595.0   0.8231874
596.0   0.8247362
597.0   0.8245858
598.0   0.8237977
599.0   0.8231468
600.0   0.8229933
601.0   0.8221035
602.0   0.8227631
603.0   0.8229159
604.0   0.8215296
605.0   0.8248997
606.0   0.8238802
607.0   0.8233688
608.0   0.8240358
609.0   0.8220291
610.0   0.8243007
611.0   0.8233672
612.0   0.8220709
613.0   0.8245019
614.0   0.8222173
615.0   0.8224935
616.0   0.8246166
617.0   0.8213752
618.0   0.8228297
619.0   0.8219110
620.0   0.8212168
621.0   0.8201855
622.0   0.8198535
623.0   0.8213668
624.0   0.8207611
625.0   0.8194846
626.0   0.8204962
627.0   0.8194862
628.0   0.8203814
629.0   0.8193287
630.0   0.8191093
631.0   0.8197173
632.0   0.8197890
633.0   0.8215627
634.0   0.8186337
635.0   0.8186288
636.0   0.8176036
637.0   0.8197592
638.0   0.8189517
639.0   0.8171217
640.0   0.8188843
641.0   0.8185035
642.0   0.8177638
643.0   0.8185746
644.0   0.8174991
645.0   0.8170787
646.0   0.8155078
647.0   0.8178508
648.0   0.8148730
649.0   0.8166397
650.0   0.8134504
651.0   0.8161484
652.0   0.8157536
653.0   0.8169308
654.0   0.8169076
655.0   0.8165902
656.0   0.8157963
657.0   0.8148953
658.0   0.8151192
659.0   0.8132729
660.0   0.8117250
661.0   0.8145874
662.0   0.8151209
663.0   0.8140735
664.0   0.8119391
665.0   0.8111346
666.0   0.8114604
667.0   0.8102929
668.0   0.8116011
669.0   0.8063622
670.0   0.8057528
671.0   0.8050709
672.0   0.8058051
673.0   0.8042948
674.0   0.8014612
675.0   0.8017116
676.0   0.8003048
677.0   0.7969676
678.0   0.7956973
679.0   0.7960683
680.0   0.7966539
681.0   0.7953795
682.0   0.7943821
683.0   0.7936787
684.0   0.7907898
685.0   0.7882824
686.0   0.7903789
687.0   0.7887416
688.0   0.7866421
689.0   0.7873266
690.0   0.7847903
691.0   0.7849728
692.0   0.7841818
693.0   0.7815074
694.0   0.7832794
695.0   0.7822787
696.0   0.7822472
697.0   0.7808195
698.0   0.7827014
699.0   0.7815054
700.0   0.7823297
701.0   0.7837269
702.0   0.7828795
703.0   0.7837550
704.0   0.7820581
705.0   0.7821520
706.0   0.7811583
707.0   0.7803990
708.0   0.7805481
709.0   0.7768455
710.0   0.7793048
711.0   0.7775367
712.0   0.7782764
713.0   0.7772518
714.0   0.7793696
715.0   0.7760653
716.0   0.7765383
717.0   0.7791333
718.0   0.7804343
719.0   0.7832174
720.0   0.7830520
721.0   0.7833597
722.0   0.7847540
723.0   0.7833198
724.0   0.7832887
725.0   0.7845451
726.0   0.7863025
727.0   0.7860552
728.0   0.7862852
729.0   0.7841050
730.0   0.7878773
731.0   0.7849590
732.0   0.7848793
733.0   0.7848148
734.0   0.7821839
735.0   0.7827886
736.0   0.7821262
737.0   0.7827613
738.0   0.7814428
739.0   0.7819000
740.0   0.7812481
741.0   0.7802473
742.0   0.7812392
743.0   0.7801059
744.0   0.7785568
745.0   0.7766168
746.0   0.7773717
747.0   0.7757549
748.0   0.7760557
749.0   0.7729366
750.0   0.7747219
751.0   0.7740487
752.0   0.7718174
753.0   0.7720067
754.0   0.7723974
755.0   0.7695666
756.0   0.7712759
757.0   0.7684577
758.0   0.7704389
759.0   0.7673257
760.0   0.7668490
761.0   0.7650781
762.0   0.7641367
763.0   0.7639197
764.0   0.7659229
765.0   0.7628018
766.0   0.7640898
767.0   0.7607763
768.0   0.7619227
769.0   0.7618068
770.0   0.7605645
771.0   0.7599425
772.0   0.7609105
773.0   0.7601156
774.0   0.7567007
775.0   0.7557125
776.0   0.7566705
777.0   0.7569908
778.0   0.7559622
779.0   0.7533360
780.0   0.7530023
781.0   0.7531984
782.0   0.7527207
783.0   0.7520868
784.0   0.7522489
785.0   0.7490668
786.0   0.7507213
787.0   0.7489845
788.0   0.7483979
789.0   0.7469646
790.0   0.7446396
791.0   0.7460957
792.0   0.7432561
793.0   0.7424832
794.0   0.7431259
795.0   0.7443444
796.0   0.7420247
797.0   0.7427087
798.0   0.7435625
799.0   0.7429498
800.0   0.7417943
