300.0   0.4394909
301.0   0.4508389
302.0   0.4610026
303.0   0.4703238
304.0   0.4809584
305.0   0.4876123
306.0   0.4978983
307.0   0.5038291
308.0   0.5098098
309.0   0.5178407
310.0   0.5245121
311.0   0.5300073
312.0   0.5339060
313.0   0.5374892
314.0   0.5398465
315.0   0.5427283
316.0   0.5485734
317.0   0.5515053
318.0   0.5547219
319.0   0.5552662
320.0   0.5585130
321.0   0.5607877
322.0   0.5614516
323.0   0.5614339
324.0   0.5615976
325.0   0.5640497
326.0   0.5666413
327.0   0.5702423
328.0   0.5693215
329.0   0.5727559
330.0   0.5733265
331.0   0.5715284
332.0   0.5742864
333.0   0.5753370
334.0   0.5788496
335.0   0.5762509
336.0   0.5767799
337.0   0.5801566
338.0   0.5807622
339.0   0.5809703
340.0   0.5869076
341.0   0.5856392
342.0   0.5862651
343.0   0.5859152
344.0   0.5908286
345.0   0.5923166
346.0   0.5927212
347.0   0.5969159
348.0   0.5978267
349.0   0.5965579
350.0   0.5983199
351.0   0.5990252
352.0   0.5995350
353.0   0.6082785
354.0   0.6081703
355.0   0.6105053
356.0   0.6155744
357.0   0.6131394
358.0   0.6191206
359.0   0.6174422
360.0   0.6187048
361.0   0.6233580
362.0   0.6215484
363.0   0.6250800
364.0   0.6273507
365.0   0.6293567
366.0   0.6305047
367.0   0.6279665
368.0   0.6310013
369.0   0.6334079
370.0   0.6359525
371.0   0.6345140
372.0   0.6367083
373.0   0.6362386
374.0   0.6411987
375.0   0.6457003
376.0   0.6426672
377.0   0.6473784
378.0   0.6473080
379.0   0.6510980
380.0   0.6484028
381.0   0.6541039
382.0   0.6511197
383.0   0.6569742
384.0   0.6561111
385.0   0.6605625
386.0   0.6612214
387.0   0.6648146
388.0   0.6634125
389.0   0.6678251
390.0   0.6698357
391.0   0.6712479
392.0   0.6730343
393.0   0.6766036
394.0   0.6785918
395.0   0.6798967
396.0   0.6794460
397.0   0.6814297
398.0   0.6809083
399.0   0.6849845
400.0   0.6837881
401.0   0.6896134
402.0   0.6919509
403.0   0.6904474
404.0   0.6934791
405.0   0.6945643
406.0   0.6946567
407.0   0.6966423
408.0   0.6954481
409.0   0.7013359
410.0   0.6990416
411.0   0.7021569
412.0   0.7019631
413.0   0.7041200
414.0   0.7049817
415.0   0.7067608
416.0   0.7053371
417.0   0.7075014
418.0   0.7090079
419.0   0.7101530
420.0   0.7108595
421.0   0.7143573
422.0   0.7143424
423.0   0.7162812
424.0   0.7211842
425.0   0.7240847
426.0   0.7241920
427.0   0.7251108
428.0   0.7281379
429.0   0.7265953
430.0   0.7315402
431.0   0.7261580
432.0   0.7279965
433.0   0.7320391
434.0   0.7321584
435.0   0.7349467
436.0   0.7372867
437.0   0.7347972
438.0   0.7393204
439.0   0.7372684
440.0   0.7413935
441.0   0.7419532
442.0   0.7432224
443.0   0.7430074
444.0   0.7425376
445.0   0.7438328
446.0   0.7467119
447.0   0.7460139
448.0   0.7481701
449.0   0.7530842
450.0   0.7495324
451.0   0.7500478
452.0   0.7533404
453.0   0.7524579
454.0   0.7574316
455.0   0.7560644
456.0   0.7558219
457.0   0.7565403
458.0   0.7568037
459.0   0.7589820
460.0   0.7601933
461.0   0.7593863
462.0   0.7583342
463.0   0.7646089
464.0   0.7692027
465.0   0.7658851
466.0   0.7679251
467.0   0.7663006
468.0   0.7681720
469.0   0.7702129
470.0   0.7681853
471.0   0.7710362
472.0   0.7723361
473.0   0.7733413
474.0   0.7697598
475.0   0.7709311
476.0   0.7725792
477.0   0.7721365
478.0   0.7746235
479.0   0.7751796
480.0   0.7755025
481.0   0.7749651
482.0   0.7754313
483.0   0.7728817
484.0   0.7785140
485.0   0.7789804
486.0   0.7811776
487.0   0.7857930
488.0   0.7831709
489.0   0.7872661
490.0   0.7839376
491.0   0.7853207
492.0   0.7903509
493.0   0.7878748
494.0   0.7911283
495.0   0.7898874
496.0   0.7920973
497.0   0.7961746
498.0   0.7909067
499.0   0.7952908
500.0   0.7941442
501.0   0.7936171
502.0   0.7922938
503.0   0.7961757
504.0   0.7948779
505.0   0.7939875
506.0   0.7937066
507.0   0.7966374
508.0   0.7973966
509.0   0.7963680
510.0   0.7957015
511.0   0.7976728
512.0   0.7939528
513.0   0.7974629
514.0   0.7979592
515.0   0.7999897
516.0   0.8013369
517.0   0.7988553
518.0   0.8001205
519.0   0.8008790
520.0   0.7998911
521.0   0.8008276
522.0   0.8035036
523.0   0.8017477
524.0   0.8026266
525.0   0.8017291
526.0   0.8028365
527.0   0.8024729
528.0   0.8051950
529.0   0.8067658
530.0   0.8078159
531.0   0.8046755
532.0   0.8077446
533.0   0.8076328
534.0   0.8093029
535.0   0.8118234
536.0   0.8114918
537.0   0.8131890
538.0   0.8128980
539.0   0.8118738
540.0   0.8119795
541.0   0.8098395
542.0   0.8135325
543.0   0.8136174
544.0   0.8146382
545.0   0.8133727
546.0   0.8160881
547.0   0.8162163
548.0   0.8135835
549.0   0.8167844
550.0   0.8182699
551.0   0.8121030
552.0   0.8123572
553.0   0.8108934
554.0   0.8115912
555.0   0.8112558
556.0   0.8108335
557.0   0.8101650
558.0   0.8109456
559.0   0.8091159
560.0   0.8110503
561.0   0.8110277
562.0   0.8111563
563.0   0.8121287
564.0   0.8104130
565.0   0.8115455
566.0   0.8156535
567.0   0.8111112
568.0   0.8109496
569.0   0.8134693
570.0   0.8119370
571.0   0.8157029
572.0   0.8156020
573.0   0.8151241
574.0   0.8143477
575.0   0.8147909
576.0   0.8128539
577.0   0.8128503
578.0   0.8162055
579.0   0.8140093
580.0   0.8137559
581.0   0.8144185
582.0   0.8148025
583.0   0.8161019
584.0   0.8146294
585.0   0.8157181
586.0   0.8138720
587.0   0.8126781
588.0   0.8117256
589.0   0.8129096
590.0   0.8132151
591.0   0.8124499
592.0   0.8137505
593.0   0.8099217
594.0   0.8141770
595.0   0.8135570
596.0   0.8151676
597.0   0.8162739
598.0   0.8135264
599.0   0.8137140
600.0   0.8130261
601.0   0.8143305
602.0   0.8130957
603.0   0.8138359
604.0   0.8136370
605.0   0.8136416
606.0   0.8147069
607.0   0.8126119
608.0   0.8121099
609.0   0.8134131
610.0   0.8110794
611.0   0.8136087
612.0   0.8118864
613.0   0.8141049
614.0   0.8133832
615.0   0.8162608
616.0   0.8143505
617.0   0.8122924
618.0   0.8129671
619.0   0.8119845
620.0   0.8131193
621.0   0.8106780
622.0   0.8107645
623.0   0.8105191
624.0   0.8074762
625.0   0.8081787
626.0   0.8077990
627.0   0.8093884
628.0   0.8117131
629.0   0.8090971
630.0   0.8116213
631.0   0.8083300
632.0   0.8091250
633.0   0.8091879
634.0   0.8074956
635.0   0.8093117
636.0   0.8074386
637.0   0.8091537
638.0   0.8096065
639.0   0.8090897
640.0   0.8091283
641.0   0.8088796
642.0   0.8104778
643.0   0.8086910
644.0   0.8047173
645.0   0.8080776
646.0   0.8072800
647.0   0.8069738
648.0   0.8062640
649.0   0.8032098
650.0   0.8046893
651.0   0.8069104
652.0   0.8075402
653.0   0.8050695
654.0   0.8049615
655.0   0.8049349
656.0   0.8064823
657.0   0.8060096
658.0   0.8019993
659.0   0.8036898
660.0   0.8058870
661.0   0.8025073
662.0   0.8066744
663.0   0.8032773
664.0   0.8056332
665.0   0.8021425
666.0   0.8032471
667.0   0.8007197
668.0   0.8019134
669.0   0.7984050
670.0   0.7979151
671.0   0.7996659
672.0   0.7978648
673.0   0.7960676
674.0   0.7950441
675.0   0.7948249
676.0   0.7916926
677.0   0.7893958
678.0   0.7884693
679.0   0.7868556
680.0   0.7869527
681.0   0.7858628
682.0   0.7858904
683.0   0.7829570
684.0   0.7825588
685.0   0.7808464
686.0   0.7792174
687.0   0.7807437
688.0   0.7807976
689.0   0.7790874
690.0   0.7774495
691.0   0.7758923
692.0   0.7766690
693.0   0.7745946
694.0   0.7739936
695.0   0.7739095
696.0   0.7747800
697.0   0.7715686
698.0   0.7715749
699.0   0.7725083
700.0   0.7713696
701.0   0.7736564
702.0   0.7730194
703.0   0.7732498
704.0   0.7745241
705.0   0.7742771
706.0   0.7736750
707.0   0.7721543
708.0   0.7729034
709.0   0.7729676
710.0   0.7720588
711.0   0.7700175
712.0   0.7696998
713.0   0.7686202
714.0   0.7702142
715.0   0.7710529
716.0   0.7692206
717.0   0.7712145
718.0   0.7725021
719.0   0.7739188
720.0   0.7736271
721.0   0.7747533
722.0   0.7754107
723.0   0.7778308
724.0   0.7747348
725.0   0.7767503
726.0   0.7761704
727.0   0.7762475
728.0   0.7783544
729.0   0.7780084
730.0   0.7793344
731.0   0.7752928
732.0   0.7771602
733.0   0.7778750
734.0   0.7769263
735.0   0.7768779
736.0   0.7765733
737.0   0.7760848
738.0   0.7763129
739.0   0.7749573
740.0   0.7737271
741.0   0.7732635
742.0   0.7719869
743.0   0.7709550
744.0   0.7711959
745.0   0.7703485
746.0   0.7685868
747.0   0.7691756
748.0   0.7690401
749.0   0.7675105
750.0   0.7668319
751.0   0.7657819
752.0   0.7681050
753.0   0.7665416
754.0   0.7636068
755.0   0.7638569
756.0   0.7620310
757.0   0.7631172
758.0   0.7612759
759.0   0.7608403
760.0   0.7589546
761.0   0.7600974
762.0   0.7594538
763.0   0.7561219
764.0   0.7574723
765.0   0.7578829
766.0   0.7565065
767.0   0.7580308
768.0   0.7567875
769.0   0.7548868
770.0   0.7553645
771.0   0.7526027
772.0   0.7531616
773.0   0.7540274
774.0   0.7518394
775.0   0.7489458
776.0   0.7519479
777.0   0.7497597
778.0   0.7490852
779.0   0.7490650
780.0   0.7475113
781.0   0.7454856
782.0   0.7446024
783.0   0.7451300
784.0   0.7450756
785.0   0.7437835
786.0   0.7439212
787.0   0.7419632
788.0   0.7425005
789.0   0.7395556
790.0   0.7388290
791.0   0.7405300
792.0   0.7386318
793.0   0.7389482
794.0   0.7372383
795.0   0.7378029
796.0   0.7362604
797.0   0.7376264
798.0   0.7357247
799.0   0.7373389
800.0   0.7350877
