300.0   0.4471331
301.0   0.4577326
302.0   0.4681702
303.0   0.4778512
304.0   0.4902225
305.0   0.4992819
306.0   0.5044898
307.0   0.5120229
308.0   0.5181188
309.0   0.5250271
310.0   0.5337058
311.0   0.5356667
312.0   0.5422049
313.0   0.5491673
314.0   0.5546538
315.0   0.5543763
316.0   0.5573380
317.0   0.5619106
318.0   0.5619071
319.0   0.5627428
320.0   0.5668719
321.0   0.5676745
322.0   0.5683073
323.0   0.5667850
324.0   0.5699193
325.0   0.5723318
326.0   0.5773769
327.0   0.5757012
328.0   0.5761392
329.0   0.5799714
330.0   0.5774620
331.0   0.5798600
332.0   0.5791798
333.0   0.5860696
334.0   0.5854964
335.0   0.5840696
336.0   0.5861688
337.0   0.5888371
338.0   0.5900206
339.0   0.5890240
340.0   0.5930159
341.0   0.5927453
342.0   0.5924726
343.0   0.5967219
344.0   0.5946272
345.0   0.5986739
346.0   0.5991123
347.0   0.6002494
348.0   0.6037346
349.0   0.6042981
350.0   0.6067078
351.0   0.6075084
352.0   0.6080269
353.0   0.6150787
354.0   0.6153278
355.0   0.6182828
356.0   0.6150273
357.0   0.6215877
358.0   0.6217072
359.0   0.6249538
360.0   0.6263301
361.0   0.6298931
362.0   0.6318162
363.0   0.6311803
364.0   0.6350154
365.0   0.6375552
366.0   0.6383598
367.0   0.6400446
368.0   0.6384551
369.0   0.6382353
370.0   0.6438956
371.0   0.6431655
372.0   0.6467688
373.0   0.6472844
374.0   0.6482898
375.0   0.6480923
376.0   0.6497014
377.0   0.6543445
378.0   0.6539326
379.0   0.6512538
380.0   0.6578192
381.0   0.6582737
382.0   0.6635209
383.0   0.6620908
384.0   0.6639842
385.0   0.6684286
386.0   0.6689406
387.0   0.6720063
388.0   0.6698384
389.0   0.6714693
390.0   0.6753582
391.0   0.6768111
392.0   0.6819133
393.0   0.6824594
394.0   0.6792815
395.0   0.6852043
396.0   0.6843267
397.0   0.6884720
398.0   0.6896706
399.0   0.6885061
400.0   0.6941063
401.0   0.6949568
402.0   0.6958574
403.0   0.6945481
404.0   0.6984230
405.0   0.6991152
406.0   0.7017079
407.0   0.7025934
408.0   0.7019194
409.0   0.7046357
410.0   0.7045478
411.0   0.7091160
412.0   0.7080822
413.0   0.7085153
414.0   0.7109228
415.0   0.7131094
416.0   0.7112384
417.0   0.7135875
418.0   0.7160079
419.0   0.7166008
420.0   0.7185543
421.0   0.7191805
422.0   0.7188892
423.0   0.7227234
424.0   0.7246087
425.0   0.7290128
426.0   0.7279150
427.0   0.7277275
428.0   0.7302467
429.0   0.7326962
430.0   0.7330241
431.0   0.7354739
432.0   0.7361415
433.0   0.7337469
434.0   0.7408581
435.0   0.7369866
436.0   0.7367130
437.0   0.7378670
438.0   0.7428272
439.0   0.7422287
440.0   0.7420214
441.0   0.7432291
442.0   0.7488944
443.0   0.7464416
444.0   0.7486343
445.0   0.7504247
446.0   0.7540804
447.0   0.7496070
448.0   0.7520611
449.0   0.7517417
450.0   0.7534530
451.0   0.7548180
452.0   0.7547719
453.0   0.7571153
454.0   0.7579423
455.0   0.7594322
456.0   0.7603590
457.0   0.7604502
458.0   0.7593619
459.0   0.7601202
460.0   0.7636400
461.0   0.7611742
462.0   0.7658054
463.0   0.7678424
464.0   0.7699225
465.0   0.7692528
466.0   0.7714039
467.0   0.7689211
468.0   0.7720403
469.0   0.7698699
470.0   0.7745042
471.0   0.7734417
472.0   0.7725670
473.0   0.7728875
474.0   0.7736446
475.0   0.7724363
476.0   0.7748278
477.0   0.7793597
478.0   0.7777054
479.0   0.7785275
480.0   0.7791202
481.0   0.7792479
482.0   0.7786535
483.0   0.7826194
484.0   0.7815853
485.0   0.7828054
486.0   0.7797924
487.0   0.7873625
488.0   0.7868894
489.0   0.7870433
490.0   0.7893561
491.0   0.7869826
492.0   0.7911713
493.0   0.7932808
494.0   0.7917101
495.0   0.7937757
496.0   0.7964184
497.0   0.7961255
498.0   0.7939709
499.0   0.7954282
500.0   0.7964487
501.0   0.7942397
502.0   0.7946320
503.0   0.7976262
504.0   0.7991858
505.0   0.8006461
506.0   0.7964929
507.0   0.7983922
508.0   0.7956862
509.0   0.7973643
510.0   0.7996974
511.0   0.8005937
512.0   0.7971085
513.0   0.7998810
514.0   0.8010900
515.0   0.8001759
516.0   0.8021412
517.0   0.8006167
518.0   0.8013484
519.0   0.8020379
520.0   0.8019263
521.0   0.8012395
522.0   0.8047590
523.0   0.8047037
524.0   0.8062240
525.0   0.8052618
526.0   0.8037295
527.0   0.8057878
528.0   0.8095513
529.0   0.8099135
530.0   0.8095847
531.0   0.8120897
532.0   0.8109574
533.0   0.8118504
534.0   0.8102840
535.0   0.8109342
536.0   0.8099805
537.0   0.8091559
538.0   0.8131119
539.0   0.8121786
540.0   0.8122669
541.0   0.8156260
542.0   0.8144075
543.0   0.8131644
544.0   0.8181839
545.0   0.8182150
546.0   0.8192768
547.0   0.8176836
548.0   0.8176366
549.0   0.8187620
550.0   0.8191266
551.0   0.8126329
552.0   0.8122789
553.0   0.8180588
554.0   0.8154010
555.0   0.8133572
556.0   0.8111156
557.0   0.8129750
558.0   0.8143261
559.0   0.8119837
560.0   0.8144423
561.0   0.8135538
562.0   0.8157562
563.0   0.8152625
564.0   0.8138147
565.0   0.8137450
566.0   0.8154258
567.0   0.8172545
568.0   0.8144996
569.0   0.8142892
570.0   0.8129212
571.0   0.8157955
572.0   0.8165574
573.0   0.8152897
574.0   0.8179810
575.0   0.8185105
576.0   0.8176908
577.0   0.8159810
578.0   0.8199493
579.0   0.8190325
580.0   0.8184514
581.0   0.8173727
582.0   0.8159209
583.0   0.8179913
584.0   0.8156419
585.0   0.8150881
586.0   0.8151215
587.0   0.8147386
588.0   0.8144563
589.0   0.8136628
590.0   0.8165717
591.0   0.8150325
592.0   0.8140887
593.0   0.8144285
594.0   0.8150090
595.0   0.8155764
596.0   0.8133065
597.0   0.8151983
598.0   0.8146820
599.0   0.8159167
600.0   0.8143734
601.0   0.8138231
602.0   0.8144328
603.0   0.8138750
604.0   0.8160136
605.0   0.8130057
606.0   0.8141995
607.0   0.8112357
608.0   0.8134330
609.0   0.8163813
610.0   0.8145352
611.0   0.8164794
612.0   0.8135183
613.0   0.8136335
614.0   0.8128030
615.0   0.8111758
616.0   0.8121618
617.0   0.8140634
618.0   0.8117055
619.0   0.8148013
620.0   0.8101528
621.0   0.8154990
622.0   0.8104567
623.0   0.8126628
624.0   0.8105654
625.0   0.8116039
626.0   0.8106420
627.0   0.8102026
628.0   0.8115608
629.0   0.8094166
630.0   0.8126087
631.0   0.8090230
632.0   0.8089032
633.0   0.8109942
634.0   0.8073637
635.0   0.8102281
636.0   0.8079984
637.0   0.8079388
638.0   0.8089830
639.0   0.8089907
640.0   0.8086290
641.0   0.8095639
642.0   0.8079196
643.0   0.8054553
644.0   0.8087998
645.0   0.8062095
646.0   0.8080798
647.0   0.8054322
648.0   0.8077729
649.0   0.8059248
650.0   0.8074153
651.0   0.8054072
652.0   0.8056979
653.0   0.8074317
654.0   0.8063804
655.0   0.8072693
656.0   0.8040050
657.0   0.8057613
658.0   0.8072833
659.0   0.8069189
660.0   0.8077258
661.0   0.8056686
662.0   0.8057277
663.0   0.8043791
664.0   0.8043320
665.0   0.8045600
666.0   0.8038586
667.0   0.8030847
668.0   0.8027579
669.0   0.7992512
670.0   0.7960996
671.0   0.7965177
672.0   0.7953576
673.0   0.7959886
674.0   0.7947326
675.0   0.7932868
676.0   0.7913554
677.0   0.7896538
678.0   0.7868019
679.0   0.7863502
680.0   0.7855456
681.0   0.7845253
682.0   0.7828966
683.0   0.7833225
684.0   0.7813895
685.0   0.7800133
686.0   0.7802187
687.0   0.7801469
688.0   0.7782740
689.0   0.7784656
690.0   0.7768508
691.0   0.7762138
692.0   0.7747908
693.0   0.7709594
694.0   0.7742323
695.0   0.7726474
696.0   0.7710291
697.0   0.7726749
698.0   0.7717230
699.0   0.7725296
700.0   0.7727023
701.0   0.7708084
702.0   0.7721533
703.0   0.7719532
704.0   0.7740094
705.0   0.7717137
706.0   0.7732919
707.0   0.7715301
708.0   0.7709600
709.0   0.7722605
710.0   0.7688056
711.0   0.7704317
712.0   0.7695701
713.0   0.7681140
714.0   0.7693474
715.0   0.7710395
716.0   0.7701861
717.0   0.7696213
718.0   0.7693453
719.0   0.7715803
720.0   0.7733990
721.0   0.7721798
722.0   0.7736234
723.0   0.7742502
724.0   0.7781407
725.0   0.7748325
726.0   0.7757573
727.0   0.7762493
728.0   0.7769993
729.0   0.7748582
730.0   0.7761262
731.0   0.7784932
732.0   0.7771179
733.0   0.7778306
734.0   0.7756100
735.0   0.7768518
736.0   0.7767319
737.0   0.7758881
738.0   0.7735358
739.0   0.7737303
740.0   0.7727705
741.0   0.7723240
742.0   0.7725680
743.0   0.7714015
744.0   0.7701744
745.0   0.7689223
746.0   0.7686735
747.0   0.7684300
748.0   0.7673258
749.0   0.7671233
750.0   0.7633740
751.0   0.7656868
752.0   0.7649312
753.0   0.7638978
754.0   0.7625250
755.0   0.7623095
756.0   0.7628499
757.0   0.7616556
758.0   0.7618352
759.0   0.7596141
760.0   0.7588647
761.0   0.7565363
762.0   0.7565970
763.0   0.7560836
764.0   0.7549933
765.0   0.7549552
766.0   0.7541140
767.0   0.7550143
768.0   0.7537085
769.0   0.7547947
770.0   0.7511459
771.0   0.7524344
772.0   0.7516088
773.0   0.7500000
774.0   0.7505745
775.0   0.7499587
776.0   0.7508457
777.0   0.7480838
778.0   0.7472765
779.0   0.7473156
780.0   0.7455781
781.0   0.7455087
782.0   0.7447002
783.0   0.7423419
784.0   0.7420152
785.0   0.7433596
786.0   0.7410378
787.0   0.7403391
788.0   0.7386201
789.0   0.7400976
790.0   0.7409051
791.0   0.7360724
792.0   0.7373860
793.0   0.7377214
794.0   0.7360355
795.0   0.7355042
796.0   0.7351762
797.0   0.7321447
798.0   0.7335684
799.0   0.7356284
800.0   0.7334899
