400	646.204
400.04718	658.273
400.09436	653.169
400.14154	643.967
400.18872	653.374
400.2359	657.723
400.28308	647.694
400.33026	647.443
400.37744	662.459
400.42462	657.077
400.4718	657.133
400.51895	652.25
400.56613	646.183
400.61331	653.603
400.66049	644.127
400.70767	649.07
400.75485	646.134
400.80203	648.791
400.84921	647.819
400.89639	652.09
400.94357	642.375
400.99075	639.036
401.03793	642.246
401.08511	649.28
401.13229	649.733
401.17947	651.644
401.22665	647.98
401.27383	642.393
401.32101	646.004
401.36819	642.447
401.41537	640.982
401.46255	636.063
401.5097	643.089
401.55688	641.355
401.60406	641.361
401.65125	642.697
401.69843	639.641
401.74561	640.469
401.79279	635.965
401.83997	649.048
401.88715	643.584
401.93433	631.809
401.98151	633.767
402.02869	649.344
402.07587	644.328
402.12305	639.159
402.17023	638.864
402.21741	638.364
402.26459	642.04
402.31177	647.949
402.35895	646.133
402.40613	639.084
402.45331	640.491
402.50046	654.146
402.54764	647.302
402.59482	641.693
402.642	633.993
402.68918	636.396
402.73636	640.11
402.78354	639.052
402.83072	639.801
402.8779	635.255
402.92508	637.004
402.97226	632.079
403.01944	634.237
403.06662	633.25
403.1138	635.344
403.16098	647.382
403.20816	641.938
403.25534	635.385
403.30252	637.84
403.3497	633.46
403.39688	643.008
403.44406	632.72
403.49121	635.818
403.53839	631.439
403.58557	634.646
403.63275	631.851
403.67993	633.49
403.72711	634.303
403.77429	631.145
403.82147	629.305
403.86865	636.888
403.91583	639.25
403.96301	625.494
404.01019	630.231
404.05737	628.359
404.10455	623.912
404.15173	627.257
404.19891	620.76
404.24609	625.87
404.29327	629.367
404.34045	626.963
404.38763	629.629
404.43478	636.046
404.48196	636.545
404.52914	631.642
404.57632	635.966
404.6235	636.991
404.67068	630.634
404.71786	627.778
404.76505	619.928
404.81223	619.111
404.85941	621.893
404.90659	623.178
404.95377	628.054
405.00095	626.161
405.04813	623.359
405.09531	630.805
405.14249	632.352
405.18967	625.868
405.23685	626.567
405.28403	628.845
405.33121	628.226
405.37839	629.055
405.42554	631.422
405.47272	631.332
405.5199	628.776
405.56708	629.944
405.61426	630.847
405.66144	628.981
405.70862	629.243
405.7558	630.49
405.80298	623.164
405.85016	615.643
405.89734	626.962
405.94452	632.109
405.9917	625.441
406.03888	617.488
406.08606	618.404
406.13324	622.677
406.18042	617.663
406.2276	621.544
406.27478	624.125
406.32196	623.444
406.36914	618.593
406.41629	614.315
406.46347	622.938
406.51065	619.66
406.55783	615.873
406.60501	620.423
406.65219	620.379
406.69937	622.957
406.74655	616.629
406.79373	616.514
406.84091	623.303
406.88809	616.971
406.93527	613.695
406.98245	616.766
407.02963	616.707
407.07681	618.19
407.12399	622.627
407.17117	616.111
407.21835	612.618
407.26553	617.682
407.31271	616.834
407.35989	616.746
407.40704	616.85
407.45422	621.746
407.5014	621.927
407.54858	615.924
407.59576	610.919
407.64294	610.729
407.69012	616.792
407.7373	614.774
407.78448	617.302
407.83167	615.695
407.87885	611.653
407.92603	613.798
407.97321	613.224
408.02039	611.926
408.06757	612.877
408.11475	616.104
408.16193	612.79
408.20911	609.404
408.25629	613.8
408.30347	612.333
408.35065	612.121
408.3978	609.301
408.44498	609.37
408.49216	613.768
408.53934	613.99
408.58652	612.303
408.6337	609.151
408.68088	607.884
408.72806	612.398
408.77524	610.232
408.82242	607.719
408.8696	612.777
408.91678	614.941
408.96396	611.598
409.01114	611.503
409.05832	611.039
409.1055	613.772
409.15268	609.063
409.19986	606.089
409.24704	611.94
409.29422	614.552
409.3414	615.65
409.38855	612.576
409.43573	609.435
409.48291	613.391
409.53009	615.626
409.57727	604.728
409.62445	603.415
409.67163	608.32
409.71881	611.018
409.76599	607.181
409.81317	607.494
409.86035	605.983
409.90753	610.946
409.95471	611.414
410.00189	613.518
410.04907	608.651
410.09625	607.047
410.14343	614.147
410.19061	614.033
410.23779	606.741
410.28497	606.072
410.33215	603.001
410.3793	608.531
410.42648	611.123
410.47366	597.834
410.52084	597.507
410.56802	603.714
410.6152	602.515
410.66238	609.018
410.70956	602.637
410.75674	604.796
410.80392	604.877
410.8511	600.477
410.89828	603.597
410.94547	606.791
410.99265	605.383
411.03983	609.744
411.08701	604.177
411.13419	604.018
411.18137	603.774
411.22855	602.121
411.27573	597.444
411.32288	598.533
411.37006	601.127
411.41724	605.926
411.46442	606.891
411.5116	605.488
411.55878	606.371
411.60596	611.43
411.65314	610.077
411.70032	601.016
411.7475	602.166
411.79468	599.837
411.84186	602.853
411.88904	606.311
411.93622	605.22
411.9834	599.618
412.03058	601.664
412.07776	612.679
412.12494	611.811
412.17212	605.771
412.2193	605.812
412.26648	604.76
412.31363	610.567
412.36081	603.643
412.40799	600.56
412.45517	604.053
412.50235	603.749
412.54953	601.336
412.59671	605.576
412.64389	609.455
412.69107	610.742
412.73825	610.787
412.78543	607.486
412.83261	604.965
412.87979	602.078
412.92697	600.456
412.97415	591.94
413.02133	599.893
413.06851	604.286
413.11569	605.369
413.16287	604.067
413.21005	603.482
413.25723	601.983
413.30438	606.819
413.35156	612.019
413.39874	607.853
413.44592	601.048
413.4931	609.65
413.54028	607.588
413.58746	600.887
413.63464	606.759
413.68182	605.501
413.729	604.646
413.77618	595.871
413.82336	600.843
413.87054	599.844
413.91772	599.998
413.9649	603.969
414.01208	598.661
414.05927	602.327
414.10645	601.766
414.15363	604.001
414.20081	605.363
414.24799	601.557
414.29514	597.177
414.34232	596.885
414.3895	597.793
414.43668	608.014
414.48386	604.029
414.53104	606.994
414.57822	610.489
414.6254	600.621
414.67258	601.493
414.71976	609.318
414.76694	609.456
414.81412	603.683
414.8613	602.73
414.90848	602.651
414.95566	601.636
415.00284	599.265
415.05002	603.527
415.0972	601.818
415.14438	597.384
415.19156	605.758
415.23874	605.641
415.28589	605.346
415.33307	604.277
415.38025	596.751
415.42743	605.693
415.47461	608.229
415.52179	601.377
415.56897	606.049
415.61615	605.232
415.66333	598.096
415.71051	594.046
415.75769	602.447
415.80487	604.563
415.85205	606.461
415.89923	617.082
415.94641	612.327
415.99359	603.447
416.04077	611.581
416.08795	609.606
416.13513	602.786
416.18231	603.115
416.22949	606.549
416.27664	607.046
416.32382	604.125
416.371	608.255
416.41818	602.173
416.46536	609.62
416.51254	609.906
416.55972	605.005
416.6069	605.673
416.65408	603.103
416.70126	603.67
416.74844	603.636
416.79562	603.899
416.8428	600.259
416.88998	599.298
416.93716	601.515
416.98434	595.835
417.03152	595.121
417.0787	602.516
417.12589	607.968
417.17307	609.114
417.22025	602.901
417.2674	600.193
417.31458	606.404
417.36176	606.87
417.40894	601.611
417.45612	603.818
417.5033	604.347
417.55048	602.284
417.59766	611.83
417.64484	612.155
417.69202	605.895
417.7392	604.273
417.78638	603.792
417.83356	606.839
417.88074	602.734
417.92792	604.302
417.9751	603.32
418.02228	597.781
418.06946	601.458
418.11664	606.548
418.16382	605.933
418.21097	601.605
418.25815	602.035
418.30533	604.854
418.35251	609.784
418.39969	602.705
418.44687	602.384
418.49405	603.63
418.54123	602.382
418.58841	608.704
418.63559	604.118
418.68277	602.03
418.72995	607.203
418.77713	602.337
418.82431	599.108
418.87149	604.625
418.91867	601.462
418.96585	594.956
419.01303	599.063
419.06021	594.948
419.10739	599.831
419.15457	612.364
419.20172	612.011
419.2489	606.979
419.29608	603.073
419.34326	595.999
419.39044	599.122
419.43762	602.493
419.4848	597.081
419.53198	602.326
419.57916	600.579
419.62634	597.372
419.67352	595.526
419.7207	599.146
419.76788	604.806
419.81506	603.085
419.86224	600.795
419.90942	607.167
419.9566	611.537
420.00378	605.572
420.05096	609.673
420.09814	608.124
420.14532	606.06
420.19247	610.343
420.23965	604.538
420.28683	605.981
420.33401	610.39
420.3812	611.714
420.42838	607.059
420.47556	600.97
420.52274	605.697
420.56992	607.965
420.6171	604.2
420.66428	601.902
420.71146	598.513
420.75864	605.889
420.80582	604.75
420.853	596.365
420.90018	601.585
420.94736	605.677
420.99454	599.953
421.04172	603.858
421.0889	603.922
421.13608	605.09
421.18323	602.749
421.23041	600.101
421.27759	609.78
421.32477	609.488
421.37195	603.058
421.41913	605.775
421.46631	609.67
421.51349	604.301
421.56067	603.68
421.60785	608.726
421.65503	607.167
421.70221	605.9
421.74939	601.414
421.79657	604.455
421.84375	603.264
421.89093	598.818
421.93811	598.595
421.98529	606.309
422.03247	607.904
422.07965	602.222
422.12683	608.327
422.17398	610.784
422.22116	612.521
422.26834	609.497
422.31552	602.789
422.3627	601.469
422.40988	605.063
422.45706	605.911
422.50424	606.319
422.55142	610.162
422.5986	610.973
422.64578	610.764
422.69296	605.989
422.74014	607.225
422.78732	606.875
422.8345	603.132
422.88168	603.202
422.92886	611.31
422.97604	609.954
423.02322	607.207
423.0704	607.824
423.11758	608.826
423.16473	613.054
423.21191	616.783
423.25909	611.365
423.30627	609.771
423.35345	619.607
423.40063	607.443
423.44781	615.483
423.495	610.575
423.54218	611.537
423.58936	618.058
423.63654	611.089
423.68372	609.608
423.7309	614.867
423.77808	612.861
423.82526	607.805
423.87244	615.21
423.91962	614.832
423.9668	603.011
424.01398	612.056
424.06116	609.195
424.10834	614.218
424.15549	616.519
424.20267	615.231
424.24985	615.986
424.29703	615.894
424.34421	618.45
424.39139	619.681
424.43857	618.82
424.48575	618.278
424.53293	615.014
424.58011	624.669
424.62729	621.598
424.67447	616.728
424.72165	622.588
424.76883	627.598
424.81601	626.558
424.86319	618.239
424.91037	625.097
424.95755	627.985
425.00473	629.641
425.05191	628.465
425.09906	622.685
425.14624	621.374
425.19342	625.502
425.2406	632.462
425.28778	621.036
425.33496	616.118
425.38214	622.476
425.42932	622.124
425.4765	628.857
425.52368	629.682
425.57086	630.825
425.61804	634.102
425.66522	630.06
425.7124	629.571
425.75958	632.015
425.80676	635.806
425.85394	633.919
425.90112	631.538
425.9483	633.942
425.99548	632.256
426.04266	630.384
426.08981	632.675
426.13699	641.031
426.18417	637.803
426.23135	633.159
426.27853	639.683
426.32571	635.424
426.37289	638.263
426.42007	636.201
426.46725	632.772
426.51443	635.094
426.56161	638.493
426.6088	633.525
426.65598	637.929
426.70316	636.461
426.75034	632.962
426.79752	641.671
426.8447	635.637
426.89188	638.316
426.93906	640.849
426.98624	634.231
427.03342	635.583
427.08057	639.555
427.12775	646.961
427.17493	647.109
427.22211	640.632
427.26929	638.098
427.31647	640.325
427.36365	647.116
427.41083	647.39
427.45801	644.557
427.50519	637.93
427.55237	646.778
427.59955	652.496
427.64673	646.632
427.69391	640.592
427.74109	636.665
427.78827	640.694
427.83545	642.17
427.88263	641.629
427.92981	640.078
427.97699	639.53
428.02417	643.987
428.07132	645.898
428.1185	656.364
428.16568	644.387
428.21286	637.989
428.26004	657.64
428.30722	655.654
428.3544	642.907
428.40158	648.229
428.44876	651.169
428.49594	645.098
428.54312	647.65
428.5903	649.525
428.63748	655.44
428.68466	654.734
428.73184	639.705
428.77902	643.455
428.8262	656.363
428.87338	651.299
428.92056	649.025
428.96774	652.887
429.01492	650.874
429.06207	644.259
429.10925	641.373
429.15643	651.627
429.20361	651.623
429.25079	645.651
429.29797	643.94
429.34515	640.022
429.39233	642.115
429.43951	637.134
429.48669	641.011
429.53387	654.509
429.58105	652.289
429.62823	650.965
429.67542	655.846
429.7226	645.083
429.76978	644.745
429.81696	647.39
429.86414	646.598
429.91132	651.815
429.9585	646.852
430.00568	657.329
430.05283	657.531
430.10001	642.846
430.14719	638.035
430.19437	640.869
430.24155	643.933
430.28873	645.444
430.33591	648.78
430.38309	652.599
430.43027	654.962
430.47745	649.631
430.52463	641.623
430.57181	637.828
430.61899	644.045
430.66617	656.424
430.71335	650.017
430.76053	641.09
430.80771	651.505
430.85489	644.949
430.90207	631.217
430.94925	638.94
430.99643	645.632
431.04358	648.649
431.09076	647.379
431.13794	637.551
431.18512	643.245
431.2323	648.194
431.27948	641.063
431.32666	649.912
431.37384	652.533
431.42102	648.87
431.4682	654.057
431.51538	651.965
431.56256	645.202
431.60974	640.269
431.65692	645.093
431.7041	654.745
431.75128	649.852
431.79846	642.923
431.84564	641.21
431.89282	634.787
431.94	639.374
431.98718	648.687
432.03433	644.998
432.08151	642.145
432.12869	645.333
432.17587	642.214
432.22305	640.925
432.27023	650.911
432.31741	644.843
432.36459	637.408
432.41177	643.417
432.45895	647.579
432.50613	646.036
432.55331	640.101
432.60049	638.782
432.64767	638.474
432.69485	631.251
432.74203	634.998
432.78922	641.117
432.8364	637.017
432.88358	642.68
432.93076	643.519
432.97791	634.265
433.02509	631.98
433.07227	642.207
433.11945	648.798
433.16663	643.039
433.21381	633.677
433.26099	636.965
433.30817	639.298
433.35535	635.395
433.40253	635.486
433.44971	637.882
433.49689	639.088
433.54407	638.967
433.59125	641.279
433.63843	639.79
433.68561	632.374
433.73279	635.704
433.77997	639.794
433.82715	635.147
433.87433	649.61
433.92151	638.9
433.96866	633.662
434.01584	645.643
434.06302	652.752
434.1102	658.272
434.15738	647.149
434.20456	645.066
434.25174	650.409
434.29892	643.971
434.3461	645.273
434.39328	642.457
434.44046	652.237
434.48764	659.689
434.53482	647.13
434.582	647.29
434.62918	645.028
434.67636	640.274
434.72354	648.951
434.77072	648.503
434.8179	649.674
434.86508	649.174
434.91226	647.368
434.95941	640.435
435.00659	638.589
435.05377	640.325
435.10095	644.235
435.14813	656.275
435.19531	645.698
435.24249	639.956
435.28967	642.518
435.33685	643.198
435.38403	650.248
435.43121	641.924
435.47839	644.017
435.52557	648.284
435.57275	644.331
435.61993	648.644
435.66711	645.278
435.71429	640.054
435.76147	642.769
435.80865	636.578
435.85583	648.95
435.90302	645.446
435.95016	642.206
435.99734	646.433
436.04453	641.068
436.09171	635.532
436.13889	639.19
436.18607	645.931
436.23325	640.885
436.28043	643.961
436.32761	643.821
436.37479	651.108
436.42197	636.557
436.46915	632.385
436.51633	635.5
436.56351	634.406
436.61069	647.76
436.65787	639.451
436.70505	638.548
436.75223	640.434
436.79941	641.37
436.84659	636.223
436.89377	632.018
436.94092	647.53
436.9881	638.068
437.03528	628.984
437.08246	634.505
437.12964	641.013
437.17682	638.105
437.224	640.599
437.27118	637.45
437.31836	641.231
437.36554	641.236
437.41272	637.656
437.4599	639.735
437.50708	642.233
437.55426	639.952
437.60144	637.007
437.64862	633.5
437.6958	640.314
437.74298	637.777
437.79016	626.559
437.83734	640.246
437.88452	643.711
437.93167	642.921
437.97885	640.855
438.02603	633.838
438.07321	638.826
438.12039	637.253
438.16757	642.225
438.21475	638.683
438.26193	637.353
438.30911	639.984
438.35629	638.286
438.40347	636.422
438.45065	634.666
438.49783	631.438
438.54501	635.401
438.59219	633.553
438.63937	633.001
438.68655	629.694
438.73373	634.954
438.78091	631.229
438.82809	626.347
438.87527	614.891
438.92242	620.847
438.9696	619.682
439.01678	615.714
439.06396	624.124
439.11115	617.574
439.15833	621.618
439.20551	631.105
439.25269	625.883
439.29987	621.581
439.34705	618.68
439.39423	624.729
439.44141	627.928
439.48859	629.866
439.53577	619.195
439.58295	618.651
439.63013	619.96
439.67731	611.729
439.72449	618.562
439.77167	624.858
439.81885	615.541
439.866	619.231
439.91318	619.274
439.96036	619.114
440.00754	622.553
440.05472	624.455
440.1019	629.644
440.14908	628.071
440.19626	624.747
440.24344	631.481
440.29062	625.487
440.3378	614.246
440.38498	619.779
440.43216	612.995
440.47934	618.367
440.52652	625.299
440.5737	619.253
440.62088	618.833
440.66806	626.904
440.71524	625.66
440.76242	624.579
440.8096	621.434
440.85675	618.038
440.90393	616.463
440.95111	618.324
440.99829	626.49
441.04547	629.486
441.09265	621.079
441.13983	622.796
441.18701	626.237
441.23419	615.129
441.28137	619.948
441.32855	620.953
441.37573	619.169
441.42291	620.255
441.47009	626.224
441.51727	625.337
441.56445	622.809
441.61163	627.415
441.65881	627.158
441.70599	626.758
441.75317	625.858
441.80035	622.942
441.8475	625.282
441.89468	626.586
441.94186	623.019
441.98904	626.191
442.03622	627.139
442.0834	623.109
442.13058	630.39
442.17776	627.676
442.22495	624.302
442.27213	624.879
442.31931	622.667
442.36649	623.54
442.41367	626.836
442.46085	629.316
442.50803	627.059
442.55521	634.362
442.60239	634.201
442.64957	628.545
442.69675	627.196
442.74393	627.009
442.79111	632.648
442.83826	633.889
442.88544	630.587
442.93262	629.664
442.9798	627.013
443.02698	625.413
443.07416	630.645
443.12134	634.36
443.16852	626.612
443.2157	626.421
443.26288	631.268
443.31006	630.311
443.35724	629.147
443.40442	630.373
443.4516	625.745
443.49878	628.569
443.54596	630.784
443.59314	633.729
443.64032	638.252
443.6875	638.939
443.73468	640.573
443.78186	627.584
443.82901	623.713
443.87619	632.254
443.92337	632.635
443.97055	632.416
444.01773	633.373
444.06491	632.526
444.11209	634.562
444.15927	632.898
444.20645	631.217
444.25363	628.857
444.30081	631.576
444.34799	635.697
444.39517	628.492
444.44235	627.421
444.48953	628.534
444.53671	629.237
444.58389	634.48
444.63107	636.377
444.67825	636.285
444.72543	636.249
444.77261	630.734
444.81976	626.018
444.86694	633.972
444.91412	639.402
444.9613	633.907
445.00848	629.034
445.05566	634.385
445.10284	643.95
445.15002	637.131
445.1972	630.752
445.24438	639.549
445.29156	634.439
445.33875	623.565
445.38593	630.589
445.43311	634.292
445.48029	630.67
445.52747	631.119
445.57465	631.444
445.62183	630.907
445.66901	633.245
445.71619	631.552
445.76337	628.292
445.81052	629.751
445.8577	633.127
445.90488	639.146
445.95206	625.505
445.99924	624.937
446.04642	633.792
446.0936	632.148
446.14078	633.29
446.18796	632.351
446.23514	631.875
446.28232	637.229
446.3295	625.482
446.37668	629.99
446.42386	629.455
446.47104	625.57
446.51822	640.732
446.5654	633.655
446.61258	634.019
446.65976	639.403
446.70694	635.876
446.75409	638.31
446.80127	642.801
446.84845	638.431
446.89563	633.474
446.94281	635.098
446.98999	630.003
447.03717	635.248
447.08435	639.4
447.13153	635.34
447.17871	643.564
447.22589	642.665
447.27307	632.089
447.32025	628.616
447.36743	636.015
447.41461	639.817
447.46179	638.08
447.50897	635.781
447.55615	634.906
447.60333	636.494
447.65051	630.058
447.69769	634.198
447.74484	640.152
447.79202	641.711
447.8392	640.779
447.88638	641.638
447.93356	635.005
447.98074	632.598
448.02792	630.072
448.0751	631.729
448.12228	621.752
448.16946	629.554
448.21664	636.593
448.26382	633.513
448.311	640.493
448.35818	633.027
448.40536	631.038
448.45255	634.93
448.49973	637.517
448.54691	645.352
448.59409	637.952
448.64127	636.308
448.68845	639.126
448.7356	641.047
448.78278	637.95
448.82996	633.823
448.87714	637.669
448.92432	626.352
448.9715	628.088
449.01868	636.486
449.06586	637.811
449.11304	636.535
449.16022	632.665
449.2074	628.261
449.25458	632.61
449.30176	640.225
449.34894	635.865
449.39612	641.281
449.4433	650.669
449.49048	635.41
449.53766	638.583
449.58484	644.695
449.63202	634.201
449.6792	631.838
449.72635	635.129
449.77353	640.116
449.82071	640.401
449.86789	634.407
449.91507	637.758
449.96225	641.407
450.00943	636.944
450.05661	636.253
450.10379	635.662
450.15097	642.558
450.19815	642.266
450.24533	635.707
450.29251	638.098
450.33969	637.774
450.38687	636.456
450.43405	639.216
450.48123	641.011
450.52841	641.003
450.57559	640.562
450.62277	630.86
450.66995	637.229
450.7171	641.68
450.76428	632.485
450.81146	628.402
450.85864	633.15
450.90582	628.499
450.953	629.015
451.00018	643.172
451.04736	634.393
451.09454	638.97
451.14172	638.615
451.1889	632.709
451.23608	638.972
451.28326	642.081
451.33044	642.551
451.37762	634.521
451.4248	623.188
451.47198	631.516
451.51917	631.45
451.56635	633.994
451.61353	642.392
451.66071	636.503
451.70786	640.278
451.75504	642.093
451.80222	640.368
451.8494	643.349
451.89658	641.763
451.94376	640.788
451.99094	642.819
452.03812	637.544
452.0853	647.754
452.13248	648.923
452.17966	645.873
452.22684	635.37
452.27402	635.979
452.3212	643.679
452.36838	638.928
452.41556	636.923
452.46274	634.279
452.50992	642.205
452.5571	651.724
452.60428	642.923
452.65146	638.416
452.69861	644.903
452.74579	642.993
452.79297	642.142
452.84015	633.879
452.88733	633.51
452.93451	641.07
452.98169	641.561
453.02887	643.41
453.07605	642.231
453.12323	632.73
453.17041	636.638
453.21759	648.833
453.26477	640.013
453.31195	640.405
453.35913	640.218
453.40631	650.444
453.45349	655.601
453.50067	645.193
453.54785	642.614
453.59503	636.839
453.64218	639.96
453.68936	642.451
453.73654	640.842
453.78372	642.529
453.8309	644.414
453.87808	642.262
453.92526	642.43
453.97244	635.439
454.01962	637.566
454.0668	635.834
454.11398	642.011
454.16116	642.217
454.20834	641.955
454.25552	638.292
454.3027	628.415
454.34988	632.305
454.39706	638.95
454.44424	636.122
454.49142	644.373
454.5386	643.082
454.58578	631.872
454.63293	639.117
454.68011	639.961
454.72729	639.511
454.77448	642.187
454.82166	640.88
454.86884	637.297
454.91602	638.771
454.9632	643.098
455.01038	642.554
455.05756	640.114
455.10474	635.241
455.15192	635.529
455.1991	635.307
455.24628	641.412
455.29346	635.978
455.34064	624.901
455.38782	633.629
455.435	646.293
455.48218	638.603
455.52936	631.832
455.57654	640.313
455.62369	647.703
455.67087	644.509
455.71805	643.586
455.76523	639.085
455.81241	632.933
455.85959	632.783
455.90677	640.64
455.95395	640.462
456.00113	638.141
456.04831	644.017
456.09549	642.487
456.14267	638.77
456.18985	630.988
456.23703	639.26
456.28421	650.049
456.33139	642.41
456.37857	637.084
456.42575	640.166
456.47293	640.514
456.52011	643.185
456.56729	647.595
456.61444	645.202
456.66162	635.229
456.7088	633.192
456.75598	642.06
456.80316	643.109
456.85034	637.683
456.89752	632.466
456.9447	635.813
456.99188	653.509
457.03906	652.46
457.08624	643.174
457.13342	641.83
457.1806	638.438
457.22778	640.659
457.27496	642.67
457.32214	649.211
457.36932	650.649
457.4165	639.482
457.46368	634.819
457.51086	647.538
457.55804	646.126
457.60519	636.97
457.65237	639.818
457.69955	642.171
457.74673	640.154
457.79391	636.806
457.84109	643.567
457.88828	644.268
457.93546	635.573
457.98264	636.867
458.02982	640.899
458.077	641.288
458.12418	642.316
458.17136	643.781
458.21854	645.552
458.26572	645.606
458.3129	644.853
458.36008	640.312
458.40726	643.266
458.45444	649.421
458.50162	641.519
458.5488	642.692
458.59595	643.147
458.64313	643.427
458.69031	649.466
458.73749	641.958
458.78467	644.488
458.83185	644.84
458.87903	639.847
458.92621	644.402
458.97339	648.827
459.02057	640.876
459.06775	635.628
459.11493	641.553
459.16211	643.865
459.20929	642.905
459.25647	633.578
459.30365	638.503
459.35083	647.508
459.39801	645.696
459.44519	643.259
459.49237	645.74
459.53955	648.302
459.5867	647.531
459.63388	644.355
459.68106	642.291
459.72824	640.971
459.77542	647.495
459.8226	650.339
459.86978	642.045
459.91696	639.353
459.96414	640.565
460.01132	640.208
460.0585	642.317
460.10568	641.841
460.15286	642.516
460.20004	644.799
460.24722	643.48
460.2944	644.2
460.34158	647.462
460.38876	644.529
460.43594	637.466
460.48312	640.612
460.5303	648.892
460.57745	643.798
460.62463	644.027
460.67181	648.321
460.71899	652.214
460.76617	649.93
460.81335	648.556
460.86053	648.693
460.90771	645.081
460.9549	646.534
461.00208	642.45
461.04926	636.889
461.09644	643.447
461.14362	643.214
461.1908	641.808
461.23798	648.511
461.28516	647.206
461.33234	643.685
461.37952	640.823
461.4267	645.348
461.47388	645.957
461.52103	643.924
461.56821	645.928
461.61539	655.859
461.66257	650.925
461.70975	643.255
461.75693	647.078
461.80411	648.875
461.85129	643.6
461.89847	650.459
461.94565	643.94
461.99283	643.89
462.04001	650.086
462.08719	649.666
462.13437	642.533
462.18155	642.537
462.22873	644.769
462.27591	649.046
462.32309	650.571
462.37027	649.826
462.41745	636.815
462.46463	632.439
462.51178	647.156
462.55896	640.528
462.60614	653.065
462.65332	652.164
462.7005	646.979
462.74768	646.719
462.79486	648.406
462.84204	642.105
462.88922	642.279
462.9364	642.959
462.98358	641.725
463.03076	646.373
463.07794	646.9
463.12512	648.482
463.1723	637.698
463.21948	635.051
463.26666	651.852
463.31384	654.912
463.36102	640.815
463.4082	648.785
463.45538	650.512
463.50253	649.356
463.54971	654.052
463.59689	645.801
463.64407	653.294
463.69125	650.943
463.73843	650.079
463.78561	652.176
463.83279	644.615
463.87997	652.769
463.92715	655.666
463.97433	648.455
464.02151	649.922
464.0687	650.914
464.11588	653.597
464.16306	640.332
464.21024	635.548
464.25742	648.218
464.3046	644.706
464.35178	647.18
464.39896	651.458
464.44614	653.494
464.49329	654.078
464.54047	649.191
464.58765	646.972
464.63483	648.208
464.68201	642.508
464.72919	642.114
464.77637	649.279
464.82355	649.344
464.87073	638.341
464.91791	639.371
464.96509	651.919
465.01227	640.734
465.05945	633.144
465.10663	656.958
465.15381	659.25
465.20099	642.489
465.24817	649.51
465.29535	657.198
465.34253	645.266
465.38971	640.149
465.43689	642.702
465.48404	641.592
465.53122	646.54
465.5784	648.345
465.62558	644.18
465.67276	643.65
465.71994	645.298
465.76712	644.918
465.8143	643.773
465.86148	645.779
465.90866	640.638
465.95584	649.51
466.00302	642.01
466.0502	637.787
466.09738	652.307
466.14456	645.375
466.19174	635.03
466.23892	643.781
466.2861	647.978
466.33328	650.97
466.38046	649.246
466.42764	653.911
466.47479	645.54
466.52197	655.509
466.56915	649.086
466.61633	634.642
466.66351	651.749
466.71069	653.796
466.75787	648.003
466.80505	642.636
466.85223	644.477
466.89941	641.649
466.94659	645.789
466.99377	651.447
467.04095	654.634
467.08813	654.287
467.13531	650.729
467.1825	660.395
467.22968	654.335
467.27686	639.744
467.32404	645.901
467.37122	651.753
467.4184	642.159
467.46555	648.734
467.51273	649.807
467.55991	648.793
467.60709	644.577
467.65427	645.715
467.70145	654.001
467.74863	648.174
467.79581	649.203
467.84299	648.518
467.89017	648.262
467.93735	646.163
467.98453	643.586
468.03171	656.219
468.07889	651.773
468.12607	650.749
468.17325	650.908
468.22043	648.458
468.26761	650.135
468.31479	643.375
468.36197	647.948
468.40912	655.266
468.4563	653.116
468.50348	660.706
468.55066	656.07
468.59784	643.878
468.64502	643.899
468.6922	645.607
468.73938	649.62
468.78656	655.16
468.83374	652.481
468.88092	643.287
468.9281	637.682
468.97528	652.725
469.02246	654.688
469.06964	644.524
469.11682	642.312
469.164	640.571
469.21118	647.939
469.25836	654.044
469.30554	650.747
469.35272	656.426
469.39987	653.324
469.44705	648.198
469.49423	652.009
469.54141	650.091
469.58859	646.786
469.63577	646.294
469.68295	645.602
469.73013	648.569
469.77731	652.664
469.82449	654.289
469.87167	650.911
469.91885	651.462
469.96603	653.827
470.01321	651.908
470.06039	656.675
470.10757	650.904
470.15475	651.326
470.20193	656.23
470.24911	648.648
470.2963	654.78
470.34348	663.913
470.39062	652.511
470.43781	643.981
470.48499	642.387
470.53217	647.221
470.57935	650.87
470.62653	648.964
470.67371	652.307
470.72089	658.021
470.76807	659.451
470.81525	654.574
470.86243	653.345
470.90961	652.783
470.95679	652.579
471.00397	648.949
471.05115	656.364
471.09833	667.41
471.14551	652.868
471.19269	649.852
471.23987	659.161
471.28705	656.506
471.33423	647.685
471.38138	646.651
471.42856	652.324
471.47574	656.361
471.52292	656.656
471.5701	647.372
471.61728	643.293
471.66446	653.492
471.71164	655.651
471.75882	647.687
471.806	647.066
471.85318	650.402
471.90036	654.84
471.94754	657.918
471.99472	653.479
472.0419	652.765
472.08908	657.561
472.13626	660.314
472.18344	650.158
472.23062	652.485
472.2778	660.083
472.32498	651.381
472.37213	649.992
472.41931	657.274
472.46649	658.693
472.51367	649.034
472.56085	652.476
472.60803	659.504
472.65521	656.536
472.70239	652.14
472.74957	650.408
472.79675	650.113
472.84393	649.334
472.89111	654.226
472.93829	653.651
472.98547	660.192
473.03265	655.995
473.07983	654.192
473.12701	654.097
473.17419	647.52
473.22137	644.393
473.26855	661.021
473.31573	667.946
473.36288	660.367
473.41006	652.264
473.45724	660.977
473.50443	663.794
473.55161	662.806
473.59879	656.154
473.64597	656.346
473.69315	664.792
473.74033	652.803
473.78751	648.315
473.83469	659.362
473.88187	662.902
473.92905	658.364
473.97623	659.863
474.02341	656.127
474.07059	661.499
474.11777	664.122
474.16495	660.771
474.21213	656.383
474.25931	650.185
474.30649	648.887
474.35364	671.358
474.40082	669.782
474.448	653.472
474.49518	660.769
474.54236	663.62
474.58954	655.41
474.63672	662.131
474.6839	662.167
474.73108	670.27
474.77826	666.078
474.82544	652.678
474.87262	651.727
474.9198	649.35
474.96698	654.969
475.01416	660.303
475.06134	659.839
475.10852	657.598
475.1557	659.103
475.20288	661.108
475.25006	660.522
475.29721	659.965
475.34439	667.613
475.39157	665.59
475.43875	664.21
475.48593	667.244
475.53311	663.225
475.58029	660.903
475.62747	655.159
475.67465	652.192
475.72183	655.91
475.76901	665.888
475.81619	663.926
475.86337	664.965
475.91055	666.274
475.95773	664.476
476.00491	667.822
476.05209	669.84
476.09927	658.163
476.14645	660.354
476.19363	668.384
476.24081	669.122
476.28796	675.849
476.33514	677.888
476.38232	670.42
476.4295	673.976
476.47668	670.649
476.52386	668.795
476.57104	674.498
476.61823	674.482
476.66541	675.157
476.71259	678.595
476.75977	680.979
476.80695	677.906
476.85413	678.488
476.90131	674.737
476.94849	673.795
476.99567	676.417
477.04285	679.171
477.09003	686.004
477.13721	685.659
477.18439	677.614
477.23157	678.506
477.27872	682.726
477.3259	681.027
477.37308	682.968
477.42026	679.58
477.46744	684.852
477.51462	689.532
477.5618	678.977
477.60898	680.915
477.65616	689.687
477.70334	691.424
477.75052	691.807
477.7977	684.474
477.84488	688.556
477.89206	697.213
477.93924	691.89
477.98642	687.894
478.0336	692.93
478.08078	700.137
478.12796	700.746
478.17514	696.865
478.22232	698.957
478.26947	696.805
478.31665	695.413
478.36383	700.239
478.41101	706.277
478.45819	701.298
478.50537	697.564
478.55255	698.954
478.59973	698.917
478.64691	700.221
478.69409	693.814
478.74127	697.292
478.78845	705.924
478.83563	706.26
478.88281	712.122
478.92999	708.004
478.97717	704.474
479.02435	715.367
479.07153	718.624
479.11871	704.907
479.16589	708.141
479.21307	726.953
479.26022	718.806
479.3074	722.438
479.35458	726.274
479.40176	715.778
479.44894	711.915
479.49612	703.652
479.5433	713.257
479.59048	718.849
479.63766	723.793
479.68484	722.924
479.73203	724.982
479.77921	728.586
479.82639	726.522
479.87357	716.724
479.92075	722.82
479.96793	730.485
480.01511	721.594
480.06229	719.894
480.10947	735.939
480.15665	739.311
480.20383	736.076
480.25098	732.591
480.29816	731.001
480.34534	742.528
480.39252	743.379
480.4397	738.74
480.48688	735.441
480.53406	739.048
480.58124	735.807
480.62842	730.855
480.6756	738.094
480.72278	749.018
480.76996	754.138
480.81714	744.739
480.86432	742.882
480.9115	739.207
480.95868	745.503
481.00586	756.389
481.05304	754.968
481.10022	749.628
481.1474	757.956
481.19458	767.633
481.24173	766.569
481.28891	768.525
481.33609	757.21
481.38327	753.21
481.43045	767.534
481.47763	777.618
481.52481	771.475
481.57199	776.256
481.61917	778.511
481.66635	771.558
481.71353	773.729
481.76071	771.56
481.80789	769.406
481.85507	777.68
481.90225	767.28
481.94943	779.985
481.99661	782.209
482.04379	776.769
482.09097	779.025
482.13815	769.869
482.1853	770.153
482.23248	773.395
482.27966	785.647
482.32684	784.297
482.37402	782.29
482.4212	783.561
482.46838	779.094
482.51556	797.911
482.56274	814.55
482.60992	800.688
482.6571	795.214
482.70428	805.296
482.75146	805.934
482.79865	796.477
482.84583	796.534
482.89301	804.77
482.94019	810.391
482.98737	804.632
483.03455	808.216
483.08173	824.776
483.12891	824.901
483.17606	826.39
483.22324	826.477
483.27042	822.049
483.3176	826.129
483.36478	824.087
483.41196	832.191
483.45914	830.255
483.50632	825.789
483.5535	835.507
483.60068	833.818
483.64786	824.256
483.69504	834.091
483.74222	837.736
483.7894	834.07
483.83658	835.253
483.88376	842.077
483.93094	849.092
483.97812	838.263
484.0253	837.663
484.07248	841.158
484.11966	841.167
484.16681	838.427
484.21399	846.099
484.26117	864.579
484.30835	864.518
484.35553	864.461
484.40271	860.746
484.44989	858.909
484.49707	873.409
484.54425	863.401
484.59143	861.066
484.63861	891.907
484.68579	883.495
484.73297	873.931
484.78015	895.226
484.82733	892.131
484.87451	884.899
484.92169	893.922
484.96887	903.662
485.01605	893.793
485.06323	893.602
485.11041	884.208
485.15756	898.331
485.20474	906.79
485.25192	911.219
485.2991	916.609
485.34628	911.918
485.39346	927.067
485.44064	918.397
485.48782	897.103
485.535	915.333
485.58218	940.539
485.62936	925.215
485.67654	919.998
485.72372	927.073
485.7709	919.084
485.81808	929.227
485.86526	929.939
485.91245	938.119
485.95963	935.098
486.00681	933.558
486.05399	954.818
486.10117	957.126
486.14832	959.419
486.1955	968.543
486.24268	981.586
486.28986	970.8
486.33704	950.295
486.38422	961.357
486.4314	979.022
486.47858	975.282
486.52576	971.485
486.57294	979.577
486.62012	974.457
486.6673	969.244
486.71448	995.115
486.76166	1007.7
486.80884	998.777
486.85602	989.573
486.9032	986.573
486.95038	990.844
486.99756	1001.86
487.04474	1014.42
487.09192	1010.41
487.13907	1023.89
487.18625	1040.61
487.23343	1024.07
487.28061	1016.42
487.32779	1034.31
487.37497	1029.22
487.42215	1040.91
487.46933	1034.25
487.51651	1050.08
487.56369	1060.62
487.61087	1052.81
487.65805	1063.6
487.70523	1036.88
487.75241	1033.76
487.79959	1088.77
487.84677	1067.09
487.89395	1063.68
487.94113	1063.95
487.98831	1062.47
488.03549	1089
488.08267	1112.44
488.12982	1134.7
488.177	1126.48
488.22418	1115.74
488.27136	1107.18
488.31854	1106.33
488.36572	1124.03
488.4129	1104.45
488.46008	1123.09
488.50726	1148.16
488.55444	1126.07
488.60162	1152.35
488.6488	1153.96
488.69598	1154.78
488.74316	1171.77
488.79034	1174.14
488.83752	1172.87
488.8847	1179.5
488.93188	1159.55
488.97906	1185.3
489.02625	1191.01
489.07343	1168.6
489.12057	1192.61
489.16776	1180.46
489.21494	1168.36
489.26212	1179.48
489.3093	1189.08
489.35648	1210.79
489.40366	1243.72
489.45084	1237.59
489.49802	1214.99
489.5452	1243.94
489.59238	1244.32
489.63956	1243.05
489.68674	1247.18
489.73392	1256.96
489.7811	1258.82
489.82828	1256.99
489.87546	1261.86
489.92264	1268.39
489.96982	1287.16
490.017	1260.09
490.06415	1271.14
490.11133	1289.26
490.15851	1292.1
490.20569	1335.06
490.25287	1326.22
490.30005	1286.91
490.34723	1307.02
490.39441	1330.34
490.44159	1345.78
490.48877	1340.29
490.53595	1348.59
490.58313	1370.16
490.63031	1359.34
490.67749	1363.32
490.72467	1391.85
490.77185	1374.4
490.81903	1372.66
490.86621	1395.38
490.91339	1400.24
490.96057	1396.39
491.00775	1394.04
491.0549	1422.59
491.10208	1411.01
491.14926	1412.34
491.19644	1435.26
491.24362	1464.7
491.2908	1437.76
491.33798	1430.71
491.38516	1463.38
491.43234	1500.84
491.47952	1497.17
491.5267	1483.74
491.57388	1481.86
491.62106	1500.82
491.66824	1523.48
491.71542	1531.99
491.7626	1511
491.80978	1537.12
491.85696	1533.09
491.90414	1510.46
491.95132	1532.76
491.9985	1569.3
492.04565	1602.9
492.09283	1588.47
492.14001	1565.41
492.18719	1545.59
492.23438	1574.88
492.28156	1614.31
492.32874	1567.44
492.37592	1572.58
492.4231	1641.31
492.47028	1621.65
492.51746	1622.19
492.56464	1647.82
492.61182	1661.44
492.659	1669
492.70618	1656.48
492.75336	1691.27
492.80054	1707.84
492.84772	1684.06
492.8949	1693.63
492.94208	1717.94
492.98926	1744.37
493.03641	1750.78
493.08359	1773.68
493.13077	1785.29
493.17795	1775.97
493.22513	1781.41
493.27231	1813.56
493.31949	1823.87
493.36667	1846.19
493.41385	1866.36
493.46103	1867.93
493.50821	1854.93
493.55539	1859.52
493.60257	1893.13
493.64975	1909.12
493.69693	1925.13
493.74411	1957.21
493.79129	1943.15
493.83847	1946.88
493.88565	1985.8
493.93283	1991.42
493.98001	1990.4
494.02716	2011.42
494.07434	2022.26
494.12152	2026.01
494.1687	2039.36
494.21588	2043.03
494.26306	2088.3
494.31024	2128.44
494.35742	2115.88
494.4046	2118.95
494.45178	2107.71
494.49896	2132.99
494.54614	2156.72
494.59332	2177.01
494.6405	2212.89
494.68768	2218.31
494.73486	2225.72
494.78204	2216.84
494.82922	2225.71
494.8764	2267.55
494.92358	2274.48
494.97076	2287.59
495.01791	2302.09
495.06509	2284.61
495.11227	2309.97
495.15945	2348.9
495.20663	2352.09
495.25381	2358.7
495.30099	2369
495.34818	2404.9
495.39536	2419.51
495.44254	2409.08
495.48972	2443.3
495.5369	2476.28
495.58408	2497.48
495.63126	2501.49
495.67844	2526.86
495.72562	2559.35
495.7728	2572.49
495.81998	2580.18
495.86716	2602.42
495.91434	2609.75
495.96152	2608.77
496.00867	2629.59
496.05585	2625.32
496.10303	2648.86
496.15021	2675.21
496.19739	2687.55
496.24457	2713.85
496.29175	2722.01
496.33893	2736
496.38611	2774.17
496.43329	2805.35
496.48047	2823.5
496.52765	2824.51
496.57483	2782.9
496.62201	2827.68
496.66919	2888.7
496.71637	2849.31
496.76355	2861.73
496.81073	2891.38
496.85791	2885.26
496.90509	2921.8
496.95224	2964.02
496.99942	2989.12
497.0466	3012.81
497.09378	3002.76
497.14096	3010.31
497.18814	3036.99
497.23532	3018.29
497.2825	3045.94
497.32968	3043
497.37686	3017.12
497.42404	3046.87
497.47122	3055.39
497.5184	3078.71
497.56558	3104.45
497.61276	3145.7
497.65994	3183.07
497.70712	3156
497.7543	3193.11
497.80148	3239.72
497.84866	3212.82
497.89584	3282.04
497.94299	3268.9
497.99017	3188.76
498.03735	3209.42
498.08453	3265.67
498.13171	3297.35
498.17889	3341.23
498.22607	3400.12
498.27325	3360.49
498.32043	3346.52
498.36761	3353.82
498.41479	3382.76
498.46198	3399.42
498.50916	3386.05
498.55634	3410.36
498.60352	3470.84
498.6507	3459.49
498.69788	3430.35
498.74506	3506.57
498.79224	3516.84
498.83942	3498.27
498.8866	3530.18
498.93375	3520.28
498.98093	3519.02
499.02811	3529.34
499.07529	3615.66
499.12247	3623.57
499.16965	3640.62
499.21683	3635.93
499.26401	3643.79
499.31119	3699.37
499.35837	3672.84
499.40555	3691.56
499.45273	3685.88
499.49991	3700.35
499.54709	3734.07
499.59427	3779.62
499.64145	3760.05
499.68863	3690.27
499.73581	3800.81
499.78299	3848.43
499.83017	3826.49
499.87735	3853.07
499.9245	3827.22
499.97168	3849.3
500.01886	3904.12
500.06604	3900.09
500.11322	3908.87
500.1604	3949.06
500.20758	3987.5
500.25476	3962.35
500.30194	4027.34
500.34912	4069.99
500.3963	4057.97
500.44348	4010.31
500.49066	4010.02
500.53784	4048
500.58502	4034.79
500.6322	4058.55
500.67938	4108.81
500.72656	4086.81
500.77374	4115.46
500.82092	4148.54
500.8681	4186.57
500.91525	4206.72
500.96243	4217.66
501.00961	4210.71
501.05679	4214.9
501.10397	4207.36
501.15115	4239.56
501.19833	4216.66
501.24551	4227.08
501.29269	4302.85
501.33987	4274.58
501.38705	4294.61
501.43423	4389.49
501.48141	4421.42
501.52859	4386.83
501.57578	4378.55
501.62296	4409.42
501.67014	4411.72
501.71732	4472.86
501.7645	4532.36
501.81168	4468.51
501.85886	4485.51
501.90601	4581.68
501.95319	4571.76
502.00037	4529.58
502.04755	4529.3
502.09473	4532.42
502.14191	4571.28
502.18909	4594.52
502.23627	4642.73
502.28345	4699.93
502.33063	4663.08
502.37781	4662.47
502.42499	4678.39
502.47217	4704.82
502.51935	4681.27
502.56653	4691.72
502.61371	4734.81
502.66089	4752.28
502.70807	4744.63
502.75525	4747.4
502.80243	4795.49
502.84961	4845.3
502.89676	4897.82
502.94394	4918.78
502.99112	4907.02
503.0383	4942.26
503.08548	4926.74
503.13266	4945.76
503.17984	4904.71
503.22702	4895.3
503.2742	4936.58
503.32138	4982.85
503.36856	5016.89
503.41574	5029.48
503.46292	5041.11
503.5101	5076.19
503.55728	5084.03
503.60446	5061.88
503.65164	5021.13
503.69882	5103.71
503.746	5134.21
503.79318	5105.01
503.84033	5132.38
503.88751	5137.21
503.93469	5194.08
503.98187	5202.21
504.02905	5175.16
504.07623	5219.9
504.12341	5200.37
504.17059	5199.7
504.21777	5261.64
504.26495	5302.23
504.31213	5264.04
504.35931	5288.37
504.40649	5348.59
504.45367	5351.66
504.50085	5335.07
504.54803	5375.2
504.59521	5403.83
504.6424	5357.41
504.68958	5359.23
504.73676	5399.76
504.78394	5535.32
504.83109	5528.5
504.87827	5416.17
504.92545	5477.66
504.97263	5528.56
505.01981	5551.17
505.06699	5586.06
505.11417	5583.5
505.16135	5622.08
505.20853	5594.02
505.25571	5505.53
505.30289	5584.92
505.35007	5542.78
505.39725	5595.97
505.44443	5706.09
505.49161	5682.56
505.53879	5651.35
505.58597	5640.86
505.63315	5647.18
505.68033	5624.37
505.72751	5712.35
505.77469	5798.7
505.82184	5747.42
505.86902	5694.89
505.9162	5782.23
505.96338	5766.35
506.01056	5822.79
506.05774	5871.46
506.10492	5883.15
506.1521	5905.18
506.19928	5812.39
506.24646	5856.99
506.29364	5850.15
506.34082	5876.22
506.388	5961.3
506.43518	5955.95
506.48236	5853.14
506.52954	5900.2
506.57672	6009.09
506.6239	5981.91
506.67108	5950.76
506.71826	5980.05
506.76544	5987.66
506.81259	5986.51
506.85977	6007.2
506.90695	6064.46
506.95413	6074.99
507.00131	6052.38
507.04849	6078.42
507.09567	6077.9
507.14285	6102.02
507.19003	6112.64
507.23721	6165.26
507.28439	6158.82
507.33157	6120.47
507.37875	6157.72
507.42593	6165.58
507.47311	6187.81
507.52029	6179.35
507.56747	6153.59
507.61465	6209.56
507.66183	6244.53
507.70901	6222.42
507.7562	6215.01
507.80334	6222.93
507.85052	6211.28
507.89771	6235.81
507.94489	6314.5
507.99207	6366.59
508.03925	6381.9
508.08643	6352.34
508.13361	6365.7
508.18079	6376.32
508.22797	6301.19
508.27515	6359.12
508.32233	6386.96
508.36951	6306.25
508.41669	6321.92
508.46387	6442.64
508.51105	6475.03
508.55823	6427.5
508.60541	6405.75
508.65259	6435.31
508.69977	6500.24
508.74695	6553.97
508.7941	6524.95
508.84128	6464.65
508.88846	6447.39
508.93564	6517.7
508.98282	6568.48
509.03	6552.64
509.07718	6575.07
509.12436	6569.99
509.17154	6565.79
509.21872	6564.58
509.2659	6496.55
509.31308	6537.93
509.36026	6613.85
509.40744	6626.38
509.45462	6637.65
509.5018	6570.17
509.54898	6546.21
509.59616	6603.34
509.64334	6650.71
509.69052	6706.21
509.7377	6666.31
509.78485	6650.71
509.83203	6741.81
509.87921	6706.77
509.92639	6690.48
509.97357	6745.09
510.02075	6681.05
510.06793	6703.92
510.11511	6757.79
510.16229	6683.06
510.20947	6766.72
510.25665	6805.52
510.30383	6756.47
510.35101	6841.11
510.39819	6817.39
510.44537	6753.25
510.49255	6799.6
510.53973	6797.29
510.58691	6812.39
510.63409	6843.44
510.68127	6803.82
510.72842	6850.55
510.7756	6871.29
510.82278	6841.96
510.86996	6894.08
510.91714	6920.93
510.96432	6878.35
511.01151	6907.42
511.05869	7012.8
511.10587	6995.66
511.15305	6911.56
511.20023	6916.24
511.24741	6949.42
511.29459	6895.3
511.34177	6940.55
511.38895	6982.93
511.43613	6887.9
511.48331	6934.97
511.53049	7001.83
511.57767	6986.82
511.62485	6975.62
511.67203	6976.57
511.71918	6951.56
511.76636	6922.03
511.81354	6965.38
511.86072	7021.31
511.9079	6998.04
511.95508	6954.54
512.00226	6977.4
512.04944	6980.25
512.09662	7021.33
512.1438	6998.87
512.19098	6940.4
512.23816	7003.28
512.28534	7034.81
512.33252	7019.15
512.3797	7012.48
512.42688	6989.63
512.47406	7009.56
512.52124	7093.79
512.56842	7081.91
512.6156	7013.87
512.66278	6980.64
512.70996	7016.43
512.75714	6983.65
512.80432	7030.25
512.8515	7034.84
512.89868	7027.95
512.94586	7053.68
512.99304	7007.85
513.04022	7039.69
513.0874	7026.49
513.13458	7014.77
513.18176	7061.93
513.22888	7072.68
513.27606	7025.41
513.32324	7080.91
513.37042	7038.61
513.4176	7019.26
513.46478	7019.88
513.51196	7027.52
513.55914	7110.64
513.60632	7047.97
513.6535	7045.58
513.70068	7051.75
513.74786	6958.89
513.79504	7077.9
513.84222	7073.15
513.8894	7006.55
513.93658	7049.34
513.98376	6996.9
514.03094	7006.57
514.07812	7094.88
514.12531	7086.94
514.17249	6999.08
514.21967	7046.34
514.26685	7035.98
514.31403	6999.2
514.36121	7058.39
514.40839	7053.02
514.45557	7000.12
514.50275	6963.36
514.54993	7021.97
514.59711	7070.13
514.64429	7062.24
514.69147	7046.24
514.73865	7026.57
514.78583	7157.01
514.83301	7092.81
514.88019	6964.58
514.92737	7078.64
514.97455	7050.15
515.02173	7034.18
515.06891	7015.08
515.11609	7049.38
515.16321	7043.26
515.21039	6979.25
515.25757	6951.47
515.30475	7021.98
515.35193	7067.65
515.39911	6971.08
515.44629	6959.25
515.49347	7001.13
515.54065	6999.04
515.58783	6987.09
515.63501	6977.64
515.68219	7002.69
515.72937	6986.7
515.77655	6996.13
515.82373	6952.63
515.87091	6946.78
515.91809	6966.69
515.96527	7029.29
516.01245	7039.14
516.05963	6979.39
516.10681	6977.35
516.15399	6931.23
516.20117	6962.27
516.24835	7045.75
516.29553	6912.49
516.34271	6811.14
516.38989	6949.29
516.43707	6978.15
516.48425	6914.49
516.53143	6896.08
516.57861	6890.93
516.62579	6893.56
516.67297	6907.01
516.72015	6896.16
516.76733	6908.33
516.81451	6952.94
516.86169	6933.99
516.90887	6855.08
516.95605	6873.83
517.00323	6878.76
517.05042	6939.13
517.0976	6970.27
517.14471	6867.29
517.19189	6939.39
517.23907	6930.85
517.28625	6821.52
517.33344	6859.08
517.38062	6934.97
517.4278	6948.59
517.47498	6978.12
517.52216	6920.67
517.56934	6889.35
517.61652	6950.6
517.6637	6930.81
517.71088	6844.59
517.75806	6867.32
517.80524	6882.09
517.85242	6789.67
517.8996	6872.84
517.94678	6893.83
517.99396	6825.83
518.04114	6823.39
518.08832	6838.01
518.1355	6886.88
518.18268	6859.91
518.22986	6801.53
518.27704	6817.77
518.32422	6794.3
518.3714	6749.01
518.41858	6782.37
518.46576	6752.71
518.51294	6764.81
518.56012	6834.12
518.6073	6826.15
518.65448	6780.81
518.70166	6747.21
518.74884	6755.36
518.79602	6752.17
518.8432	6763.32
518.89038	6729.46
518.93756	6716.88
518.98474	6780.24
519.03192	6762.54
519.0791	6782.49
519.12622	6737.28
519.1734	6740.08
519.22058	6772.47
519.26776	6759.11
519.31494	6661.37
519.36212	6671.64
519.4093	6749.68
519.45648	6735.27
519.50366	6749.75
519.55084	6758.82
519.59802	6692.64
519.6452	6665.72
519.69238	6632.23
519.73956	6634.86
519.78674	6716.81
519.83392	6654.02
519.8811	6669.1
519.92828	6618.69
519.97546	6612.62
520.02264	6645.16
520.06982	6626.79
520.117	6636.24
520.16418	6660.41
520.21136	6629.15
520.25854	6583.02
520.30573	6606.97
520.35291	6595.53
520.40009	6578.22
520.44727	6607.71
520.49445	6621.59
520.54163	6570.54
520.58881	6553.7
520.63599	6569.82
520.68317	6545.62
520.73035	6519.63
520.77753	6482.53
520.82471	6471.32
520.87189	6492.97
520.91907	6514.81
520.96625	6541.99
521.01343	6474.28
521.06061	6503.38
521.10773	6573.22
521.15491	6508.97
521.20209	6456.37
521.24927	6518.45
521.29645	6523.59
521.34363	6423.73
521.39081	6465.73
521.43799	6469
521.48517	6400.1
521.53235	6420.59
521.57953	6410.73
521.62671	6443.23
521.67389	6489.13
521.72107	6435.5
521.76825	6398.24
521.81543	6376.25
521.86261	6374.57
521.90979	6407.93
521.95697	6382.67
522.00415	6395.48
522.05133	6439.25
522.09851	6407.45
522.14569	6399.14
522.19287	6364.83
522.24005	6317.46
522.28723	6328.54
522.33441	6332.62
522.38159	6355.49
522.42877	6352.77
522.47595	6286.29
522.52313	6268.92
522.57031	6341.98
522.61749	6307.6
522.66467	6242.16
522.71185	6276.36
522.75903	6275.16
522.80621	6296.97
522.85339	6277.51
522.90057	6296.57
522.94775	6293.02
522.99493	6302.54
523.04205	6308.68
523.08923	6221.22
523.13641	6242.52
523.18359	6223.53
523.23077	6202.52
523.27795	6191.66
523.32513	6185.37
523.37231	6276.94
523.41949	6237.1
523.46667	6232.38
523.51385	6209.25
523.56104	6181.4
523.60822	6184.85
523.6554	6125.85
523.70258	6089.43
523.74976	6118.46
523.79694	6068.82
523.84412	6118.19
523.8913	6169.26
523.93848	6163.64
523.98566	6093.52
524.03284	6078.64
524.08002	6081.72
524.1272	6036.02
524.17438	6095.69
524.22156	6134.16
524.26874	6118.39
524.31592	6103.58
524.3631	6017.81
524.41028	6063.37
524.45746	6056.97
524.50464	6037.09
524.55182	5985.51
524.599	5949.36
524.64618	6023.15
524.69336	6017.8
524.74054	5977.73
524.78772	6023.3
524.8349	6040.7
524.88208	6003.96
524.92926	5943.5
524.97644	5950.87
525.02356	5895.94
525.07074	5942.44
525.11792	5969.66
525.1651	5924.04
525.21228	5919.32
525.25946	5956.1
525.30664	5921.25
525.35382	5872.12
525.401	5908.06
525.44818	5963.86
525.49536	5889.02
525.54254	5891.14
525.58972	5878.74
525.6369	5890.4
525.68408	5874.29
525.73126	5830.33
525.77844	5876.82
525.82562	5806.41
525.8728	5788.2
525.91998	5804.72
525.96716	5790.7
526.01434	5812.33
526.06152	5781.25
526.1087	5812.7
526.15588	5829.88
526.20306	5791.23
526.25024	5779.79
526.29742	5697.53
526.3446	5725.77
526.39178	5791.05
526.43896	5711.08
526.48615	5713.62
526.53333	5719.07
526.58051	5694.42
526.62769	5673.69
526.67487	5692.24
526.72205	5716.64
526.76923	5674.06
526.81641	5616.74
526.86359	5607.13
526.91077	5620.41
526.95795	5596.75
527.00507	5659.7
527.05225	5573.77
527.09943	5499.49
527.14661	5559.47
527.19379	5582.04
527.24097	5520.34
527.28815	5570.06
527.33533	5564.77
527.38251	5503.66
527.42969	5459.81
527.47687	5441.05
527.52405	5464.34
527.57123	5479.69
527.61841	5422.95
527.66559	5417.95
527.71277	5455.15
527.75995	5429.67
527.80713	5421.37
527.85431	5408.74
527.90149	5371.79
527.94867	5398.43
527.99585	5388.12
528.04303	5374.82
528.09021	5376.24
528.13739	5359.51
528.18457	5288.54
528.23175	5284.36
528.27893	5300.74
528.32611	5296.31
528.37329	5327.81
528.42047	5289.82
528.46765	5251.59
528.51483	5245.07
528.56201	5207.04
528.60919	5228.1
528.65637	5190.06
528.70355	5132.21
528.75073	5220.58
528.79791	5207.54
528.84509	5154.67
528.89227	5154.79
528.93939	5134.24
528.98657	5140.48
529.03375	5127.59
529.08093	5096.73
529.12811	5126.36
529.17529	5097.26
529.22247	5080.34
529.26965	5103.87
529.31683	5065.06
529.36401	5035.06
529.41119	5051.03
529.45837	5051.24
529.50555	5038.16
529.55273	4988.76
529.59991	4983.86
529.64709	4985.7
529.69427	4940.31
529.74146	4951.36
529.78864	4984.7
529.83582	4956.29
529.883	4908.56
529.93018	4890.58
529.97736	4898.76
530.02454	4916.78
530.07172	4911.5
530.1189	4849.75
530.16608	4821.38
530.21326	4859.03
530.26044	4904.22
530.30762	4840.26
530.3548	4828.3
530.40198	4848.05
530.44916	4839.58
530.49634	4775.7
530.54352	4767.15
530.5907	4716.95
530.63788	4749.98
530.68506	4824.45
530.73224	4720.06
530.77942	4705.48
530.8266	4752.87
530.87378	4683.4
530.9209	4681.47
530.96808	4755.65
531.01526	4689.12
531.06244	4763.36
531.10962	4760.54
531.1568	4689.34
531.20398	4687.68
531.25116	4676.19
531.29834	4622.19
531.34552	4636.6
531.3927	4624.58
531.43988	4601.78
531.48706	4650.77
531.53424	4588.72
531.58142	4588.83
531.6286	4643.37
531.67578	4743.58
531.72296	4705.21
531.77014	4629.07
531.81732	4530.85
531.8645	4519.57
531.91168	4576.49
531.95886	4593.83
532.00604	4579.14
532.05322	4625.12
532.1004	4609.01
532.14758	4542.84
532.19476	4496.66
532.24194	4568.65
532.28912	4560.02
532.3363	4534.27
532.38348	4530.19
532.43066	4533.02
532.47784	4510.22
532.52502	4476.22
532.5722	4484.55
532.61938	4514.78
532.66656	4573.55
532.71375	4545.67
532.76093	4463.52
532.80811	4439.88
532.85529	4415.76
532.9024	4440.93
532.94958	4475.54
532.99677	4443.94
533.04395	4447.68
533.09113	4467.99
533.13831	4417.03
533.18549	4444.2
533.23267	4501.42
533.27985	4420.44
533.32703	4418.69
533.37421	4490.08
533.42139	4447.82
533.46857	4385.96
533.51575	4376.21
533.56293	4409.81
533.61011	4434.35
533.65729	4380.95
533.70447	4339.48
533.75165	4370.49
533.79883	4426.55
533.84601	4357.62
533.89319	4334.15
533.94037	4410.3
533.98755	4384.25
534.03473	4334.24
534.08191	4353.15
534.12909	4345.45
534.17627	4315.51
534.22345	4299.53
534.27063	4293.75
534.31781	4302.26
534.36499	4285.34
534.41217	4290.03
534.45935	4301.11
534.50653	4307.62
534.55371	4333.67
534.60089	4307.92
534.64807	4289.09
534.69525	4292.68
534.74243	4315.8
534.78961	4289.82
534.83679	4247.15
534.88391	4266.66
534.93109	4303.95
534.97827	4296.52
535.02545	4265.9
535.07263	4244.59
535.11981	4201.85
535.16699	4187.23
535.21417	4190.3
535.26135	4176.65
535.30853	4210.85
535.35571	4253.89
535.40289	4214.73
535.45007	4191.2
535.49725	4155.13
535.54443	4187.9
535.59161	4201.81
535.63879	4132.66
535.68597	4174.49
535.73315	4204.15
535.78033	4149.53
535.82751	4113.53
535.87469	4141.54
535.92188	4153.37
535.96906	4121.89
536.01624	4121.04
536.06342	4091.39
536.1106	4096.49
536.15778	4153.04
536.20496	4147.34
536.25214	4156.43
536.29932	4146.6
536.3465	4075.69
536.39368	4114.71
536.44086	4193.49
536.48804	4158.44
536.53522	4105.22
536.5824	4072.87
536.62958	4066.49
536.67676	4072.31
536.72394	4125.79
536.77112	4089.88
536.81824	4015.84
536.86542	4038.58
536.9126	4065.13
536.95978	4062.31
537.00696	4041.09
537.05414	4001.93
537.10132	4017.38
537.1485	3989.9
537.19568	4006.18
537.24286	4024.09
537.29004	3996.5
537.33722	3992.62
537.3844	3997.24
537.43158	4005.51
537.47876	4010.54
537.52594	4013.26
537.57312	3952.07
537.6203	4020.06
537.66748	4054.42
537.71466	3974.07
537.76184	3961.39
537.80902	3970.56
537.8562	3928.98
537.90338	3968.65
537.95056	4011.67
537.99774	3950.03
538.04492	3962.27
538.0921	3921.62
538.13928	3898.01
538.18646	3912.33
538.23364	3947.04
538.28082	3943.92
538.328	3887.45
538.37518	3908.28
538.42236	3901.16
538.46954	3931.81
538.51672	3909.31
538.5639	3870.21
538.61108	3923.21
538.65826	3858.97
538.70544	3888.21
538.75262	3916.24
538.79974	3890.56
538.84692	3929.7
538.8941	3876.26
538.94128	3894.22
538.98846	3875.86
539.03564	3862.7
539.08282	3871.78
539.13	3859.4
539.17719	3842.65
539.22437	3866.6
539.27155	3905.97
539.31873	3831.26
539.36591	3857.88
539.41309	3848.77
539.46027	3844.09
539.50745	3884.72
539.55463	3843.69
539.60181	3812.36
539.64899	3826.05
539.69617	3792
539.74335	3752.12
539.79053	3802.05
539.83771	3831.79
539.88489	3826.2
539.93207	3822.35
539.97925	3851.68
540.02643	3839.24
540.07361	3844.13
540.12079	3841.66
540.16797	3796.32
540.21515	3757.76
540.26233	3770.35
540.30951	3806.51
540.35669	3810.96
540.40387	3831.1
540.45105	3822.75
540.49823	3788.63
540.54541	3778.62
540.59259	3768.35
540.63977	3743.79
540.68695	3783.05
540.73413	3775.37
540.78125	3756.15
540.82843	3728.37
540.87561	3762.73
540.92279	3828.02
540.96997	3795.85
541.01715	3744
541.06433	3782.52
541.11151	3808.63
541.15869	3787.18
541.20587	3830.19
541.25305	3805.48
541.30023	3801.46
541.34741	3808.96
541.39459	3744.46
541.44177	3769.58
541.48895	3786.53
541.53613	3770.65
541.58331	3741.42
541.63049	3748.82
541.67767	3790.31
541.72485	3757.81
541.77203	3761.84
541.81921	3795.86
541.86639	3771.84
541.91357	3752.81
541.96075	3771.35
542.00793	3798.23
542.05511	3737.81
542.10229	3725.71
542.14948	3742.71
542.19666	3697.67
542.24384	3743.3
542.29102	3796.6
542.3382	3833.39
542.38538	3810.65
542.43256	3759.93
542.47974	3782.21
542.52692	3738.28
542.5741	3750.74
542.62128	3769.73
542.66846	3764.89
542.71564	3740.48
542.76276	3703.84
542.80994	3682.54
542.85712	3731.94
542.9043	3707.69
542.95148	3706.49
542.99866	3770.8
543.04584	3805.98
543.09302	3741.7
543.1402	3675.84
543.18738	3675.63
543.23456	3742.22
543.28174	3764.06
543.32892	3687.41
543.3761	3742.11
543.42328	3703.82
543.47046	3664.95
543.51764	3733.53
543.56482	3713.2
543.612	3702.95
543.65918	3699.71
543.70636	3680.14
543.75354	3696.54
543.80072	3713.4
543.8479	3710.32
543.89508	3720.06
543.94226	3700.59
543.98944	3686.68
544.03662	3674.25
544.0838	3682.45
544.13098	3707.59
544.17816	3701.77
544.22534	3675.63
544.27252	3646.01
544.3197	3640.71
544.36688	3670.73
544.41406	3723.92
544.46124	3674.84
544.50842	3605.36
544.5556	3591.6
544.60278	3638.29
544.64996	3666.23
544.69708	3620.66
544.74426	3592.05
544.79144	3616.49
544.83862	3636.45
544.8858	3633.02
544.93298	3611.37
544.98016	3636.49
545.02734	3635.55
545.07452	3592.59
545.1217	3618.61
545.16888	3615.2
545.21606	3565.18
545.26324	3570.71
545.31042	3608.86
545.3576	3602.42
545.40479	3535.08
545.45197	3525.96
545.49915	3542.12
545.54633	3523.77
545.59351	3506.48
545.64069	3516.52
545.68787	3546.32
545.73505	3523.9
545.78223	3503
545.82941	3500.5
545.87659	3476.79
545.92377	3490.49
545.97095	3521.85
546.01813	3474.02
546.06531	3430.05
546.11249	3466.72
546.15967	3463.43
546.20685	3445.77
546.25403	3450.32
546.30121	3452.22
546.34839	3517.81
546.39557	3487.14
546.44275	3347.87
546.48993	3350.72
546.53711	3401.41
546.58429	3413.61
546.63147	3374.43
546.67859	3345.59
546.72577	3375.71
546.77295	3373.93
546.82013	3375.73
546.86731	3359.83
546.91449	3306.54
546.96167	3310.37
547.00885	3318.88
547.05603	3284.89
547.10321	3321.1
547.15039	3322.73
547.19757	3264.46
547.24475	3286.93
547.29193	3283.85
547.33911	3258.3
547.38629	3270.95
547.43347	3265.44
547.48065	3239.25
547.52783	3237.54
547.57501	3250.55
547.62219	3244.57
547.66937	3221.24
547.71655	3216.16
547.76373	3221.49
547.81091	3225.8
547.85809	3201.34
547.90527	3161.94
547.95245	3185.12
547.99963	3247.86
548.04681	3199.12
548.09399	3116.11
548.14117	3148.73
548.18835	3151.23
548.23553	3087.31
548.28271	3119.01
548.3299	3150.64
548.37708	3126.01
548.42426	3127.54
548.47144	3114.44
548.51862	3106.72
548.5658	3136.57
548.61298	3140.25
548.6601	3093.83
548.70728	3073.99
548.75446	3153.78
548.80164	3121.28
548.84882	3079.63
548.896	3117.01
548.94318	3075.47
548.99036	3062.62
549.03754	3075.13
549.08472	3069.95
549.1319	3120.35
549.17908	3123.49
549.22626	3084.07
549.27344	3074.19
549.32062	3074.99
549.3678	3082.54
549.41498	3073.33
549.46216	3067.4
549.50934	3093.82
549.55652	3111.26
549.6037	3057.45
549.65088	3035.53
549.69806	3075.62
549.74524	3017.73
549.79242	3024.99
549.8396	3046.01
549.88678	2966.78
549.93396	3035.56
549.98114	3092.04
550.02832	3037.82
550.0755	3034.73
550.12268	3044.58
550.16986	3036.79
550.21704	3034.22
550.26422	3064.29
550.3114	3021.88
550.35858	3033.74
550.40576	3024.69
550.45294	2995.84
550.50012	3006.57
550.5473	2996.31
550.59442	2997.13
550.6416	2987.42
550.68878	2991.84
550.73596	3000.75
550.78314	2968.44
550.83032	2993.08
550.8775	3009.68
550.92468	3029.26
550.97186	3016.35
551.01904	3006.8
551.06622	3025.15
551.1134	3001.71
551.16058	2978.76
551.20776	3014.81
551.25494	3010.26
551.30212	3003.27
551.3493	2952.67
551.39648	2960.55
551.44366	2938.72
551.49084	2887.98
551.53802	2936.41
551.58521	2968.43
551.63239	2935.62
551.67957	2972.97
551.72675	2960.41
551.77393	2911.46
551.82111	2960.84
551.86829	2942.71
551.91547	2922.65
551.96265	2949.57
552.00983	2927.07
552.05701	2931.96
552.10419	2949.25
552.15137	2967.92
552.19855	2980.72
552.24573	2914.71
552.29291	2901.02
552.34009	2905.37
552.38727	2915.03
552.43445	2920.25
552.48163	2875.6
552.52881	2886.46
552.57593	2919.96
552.62311	2958.92
552.67029	2889.35
552.71747	2875.97
552.76465	2897.28
552.81183	2875.03
552.85901	2872.62
552.90619	2849.54
552.95337	2883.75
553.00055	2865.11
553.04773	2886.1
553.09491	2909.49
553.14209	2906.92
553.18927	2882.43
553.23645	2887.6
553.28363	2903.33
553.33081	2876.04
553.37799	2853.34
553.42517	2829.48
553.47235	2873.1
553.51953	2850.35
553.56671	2828.49
553.61389	2855.97
553.66107	2849.35
553.70825	2817.56
553.75543	2839
553.80261	2849.73
553.84979	2850.15
553.89697	2818.84
553.94415	2837.25
553.99133	2887.54
554.03851	2870.5
554.08569	2853.66
554.13287	2858.78
554.18005	2794.9
554.22723	2794.41
554.27441	2793.8
554.32159	2845.52
554.36877	2825.49
554.41595	2754.07
554.46313	2809.51
554.51031	2837.71
554.55743	2788.62
554.60461	2760.54
554.65179	2781.87
554.69897	2779.58
554.74615	2783.1
554.79333	2790.96
554.84052	2777.17
554.8877	2781.69
554.93488	2775.62
554.98206	2749.86
555.02924	2779.39
555.07642	2787.94
555.1236	2789.51
555.17078	2762.38
555.21796	2752.35
555.26514	2751.06
555.31232	2704.68
555.3595	2756.88
555.40668	2762.72
555.45386	2748.93
555.50104	2726.61
555.54822	2715.44
555.5954	2722.56
555.64258	2722.58
555.68976	2705.65
555.73694	2702.96
555.78412	2728.81
555.8313	2721.87
555.87848	2757.49
555.92566	2743.71
555.97284	2689.6
556.02002	2735.88
556.0672	2708.38
556.11438	2702.39
556.16156	2707.16
556.20874	2687.98
556.25592	2719.61
556.3031	2699.87
556.35028	2673.49
556.39746	2677.51
556.44464	2672.66
556.49182	2664.61
556.53894	2671.94
556.58612	2701.54
556.6333	2730.43
556.68048	2674.33
556.72766	2643.71
556.77484	2655.62
556.82202	2674.47
556.8692	2658.14
556.91638	2678.18
556.96356	2681.51
557.01074	2665.77
557.05792	2644.75
557.1051	2651.71
557.15228	2677.72
557.19946	2669.4
557.24664	2652.06
557.29382	2670.43
557.341	2659.94
557.38818	2662.75
557.43536	2650.59
557.48254	2618.74
557.52972	2611.91
557.5769	2636.43
557.62408	2657.01
557.67126	2599.06
557.71844	2600.69
557.76562	2663.6
557.81281	2634.45
557.85999	2599.97
557.90717	2637.59
557.95435	2657.04
558.00153	2608.48
558.04871	2607.03
558.09589	2647.82
558.14307	2615.71
558.19025	2590.11
558.23743	2606.44
558.28461	2600.48
558.33179	2619.15
558.37897	2607.34
558.42615	2608.7
558.47327	2654.29
558.52045	2609.53
558.56763	2560.51
558.61481	2583.1
558.66199	2590.12
558.70917	2550.09
558.75635	2548.98
558.80353	2572.23
558.85071	2540.99
558.89789	2557.06
558.94507	2583.16
558.99225	2541.69
559.03943	2532.33
559.08661	2552.41
559.13379	2557.8
559.18097	2550.29
559.22815	2523.93
559.27533	2535.25
559.32251	2582.12
559.36969	2575.9
559.41687	2538.96
559.46405	2532.58
559.51123	2544.9
559.55841	2537.13
559.60559	2529.84
559.65277	2560.7
559.69995	2550.46
559.74713	2527.16
559.79431	2499.65
559.84149	2512.71
559.88867	2566.83
559.93585	2539.56
559.98303	2490.97
560.03021	2480.41
560.07739	2486.56
560.12457	2498.63
560.17175	2498.34
560.21893	2499.71
560.26611	2510.48
560.31329	2471.54
560.36047	2462.88
560.40765	2502.9
560.45477	2498.06
560.50195	2497.6
560.54913	2484.89
560.59631	2492.81
560.64349	2478.5
560.69067	2474.88
560.73785	2453.32
560.78503	2421.57
560.83221	2450.87
560.87939	2466.12
560.92657	2458.96
560.97375	2453.09
561.02094	2444.11
561.06812	2437.92
561.1153	2442.94
561.16248	2443.59
561.20966	2444.52
561.25684	2431.08
561.30402	2431.2
561.3512	2443.94
561.39838	2410.58
561.44556	2390.87
561.49274	2389.5
561.53992	2396.13
561.5871	2404.23
561.63428	2387.06
561.68146	2375.75
561.72864	2374.19
561.77582	2378.18
561.823	2365.28
561.87018	2362.98
561.91736	2376.48
561.96454	2373.12
562.01172	2345.71
562.0589	2360.85
562.10608	2374.09
562.15326	2328.29
562.20044	2330.52
562.24762	2366.66
562.2948	2370.27
562.34198	2349.9
562.38916	2313.33
562.43628	2322.73
562.48346	2342.6
562.53064	2316.5
562.57782	2328.32
562.625	2329.84
562.67218	2313.89
562.71936	2314.36
562.76654	2306.94
562.81372	2289.89
562.8609	2281.58
562.90808	2304.29
562.95526	2297.88
563.00244	2267.79
563.04962	2259.91
563.0968	2265.78
563.14398	2256.67
563.19116	2274.79
563.23834	2262.16
563.28552	2250.09
563.3327	2239.97
563.37988	2237.34
563.42706	2237
563.47424	2238.23
563.52142	2237.74
563.5686	2222.43
563.61578	2230.24
563.66296	2211.36
563.71014	2214.94
563.75732	2229.29
563.8045	2219.39
563.85168	2220.56
563.89886	2196.07
563.94604	2180.01
563.99323	2205.28
564.04041	2202.85
564.08759	2191.03
564.13477	2185.97
564.18195	2190.75
564.22913	2197.49
564.27631	2196.09
564.32349	2182.52
564.37061	2198.23
564.41779	2203.65
564.46497	2175.45
564.51215	2154.62
564.55933	2145.08
564.60651	2112.53
564.65369	2112.25
564.70087	2148.88
564.74805	2152.42
564.79523	2103.92
564.84241	2190.02
564.88959	2200.67
564.93677	2140.44
564.98395	2126.03
565.03113	2120.03
565.07831	2134.71
565.12549	2140.34
565.17267	2141.37
565.21985	2090.43
565.26703	2099.09
565.31421	2118.82
565.36139	2113.74
565.40857	2103.08
565.45575	2089.9
565.50293	2102.74
565.55011	2047.18
565.59729	2094.77
565.64447	2093.19
565.69165	2085.68
565.73883	2086.86
565.78601	2074.92
565.83319	2079.12
565.88037	2113.5
565.92755	2114.85
565.97473	2083.71
566.02191	2058.53
566.06909	2046.41
566.11627	2091.08
566.16345	2084.82
566.21063	2066.94
566.25781	2040.92
566.30499	2040.42
566.35211	2077.3
566.39929	2032.73
566.44647	2017.48
566.49365	2069.64
566.54083	2097.33
566.58801	2061
566.63519	2020.75
566.68237	2093.9
566.72955	2065.32
566.77673	2014.61
566.82391	2072.13
566.87109	2052.69
566.91827	2061.36
566.96545	2049.69
567.01263	2028.78
567.05981	2037.33
567.10699	2020.21
567.15417	2002.52
567.20135	2021.92
567.24854	2076.72
567.29572	2042.44
567.3429	2005.8
567.39008	2050.19
567.43726	2045.19
567.48444	2016.74
567.53162	2022.99
567.5788	1993.73
567.62598	1979.14
567.67316	1997.1
567.72034	2015.57
567.76752	1994.18
567.8147	2011.31
567.86188	2020.36
567.90906	1977.83
567.95624	1972.79
568.00342	2004.28
568.0506	2008.3
568.09778	2006.81
568.14496	1971.9
568.19214	1982.66
568.23932	2001
568.2865	1989.48
568.33362	1991.55
568.3808	1984.04
568.42798	1972.66
568.47516	1965.81
568.52234	1969.1
568.56952	1960.62
568.6167	1972.91
568.66388	1948.01
568.71106	1926.96
568.75824	1955.09
568.80542	1962.44
568.8526	1957.61
568.89978	1936.42
568.94696	1934.57
568.99414	1957.03
569.04132	1946.25
569.0885	1953.69
569.13568	1925.97
569.18286	1936.75
569.23004	1972.89
569.27722	1973.35
569.3244	1931
569.37158	1954.93
569.41876	1951.45
569.46594	1920.05
569.51312	1916.89
569.5603	1923.55
569.60748	1943.07
569.65466	1935.94
569.70184	1906.16
569.74902	1924.93
569.7962	1927.49
569.84338	1910.96
569.89056	1896.41
569.93774	1916.26
569.98492	1885.87
570.0321	1900.79
570.07928	1941.2
570.12646	1912.48
570.17365	1891.35
570.22083	1885.88
570.26801	1902.85
570.31512	1911.18
570.3623	1906.39
570.40948	1921.77
570.45667	1900.78
570.50385	1882.91
570.55103	1901.66
570.59821	1908.34
570.64539	1900.77
570.69257	1870.49
570.73975	1901.56
570.78693	1888.46
570.83411	1828.82
570.88129	1844.63
570.92847	1828.49
570.97565	1842.06
571.02283	1862.28
571.07001	1856.44
571.11719	1851.75
571.16437	1819.04
571.21155	1842.16
571.25873	1844.96
571.30591	1812.23
571.35309	1814.58
571.40027	1816.88
571.44745	1829.97
571.49463	1849.29
571.54181	1826.93
571.58899	1841.5
571.63617	1849.83
571.68335	1855.34
571.73053	1835.27
571.77771	1789.83
571.82489	1825.37
571.87207	1834
571.91925	1823.08
571.96643	1833.16
572.01361	1804.64
572.06079	1807.03
572.10797	1852.72
572.15515	1817.97
572.20233	1799.62
572.24945	1823.96
572.29663	1813.42
572.34381	1797.4
572.39099	1803.98
572.43817	1820.52
572.48535	1792.55
572.53253	1782.67
572.57971	1797.21
572.62689	1808.12
572.67407	1811.67
572.72125	1808.17
572.76843	1802.21
572.81561	1777.22
572.86279	1785.55
572.90997	1805.28
572.95715	1768.52
573.00433	1769.01
573.05151	1791.02
573.09869	1769.21
573.14587	1766.72
573.19305	1761.91
573.24023	1761.35
573.28741	1774.78
573.33459	1768.77
573.38177	1759.94
573.42896	1768.48
573.47614	1787.83
573.52332	1783.52
573.5705	1782.78
573.61768	1802.23
573.66486	1778.06
573.71204	1760.33
573.75922	1763.71
573.8064	1738.53
573.85358	1747.71
573.90076	1759.5
573.94794	1762.61
573.99512	1747.29
574.0423	1737.3
574.08948	1762.68
574.13666	1776.58
574.18384	1749.7
574.23096	1719.75
574.27814	1712.09
574.32532	1727.16
574.3725	1712.7
574.41968	1687.2
574.46686	1705.95
574.51404	1737.57
574.56122	1736.93
574.6084	1731.57
574.65558	1744.61
574.70276	1732.19
574.74994	1727.11
574.79712	1724.69
574.8443	1700.91
574.89148	1714.94
574.93866	1750.36
574.98584	1692.76
575.03302	1700.73
575.0802	1710.13
575.12738	1679.19
575.17456	1693.12
575.22174	1690.43
575.26892	1685.26
575.3161	1697.63
575.36328	1693.58
575.41046	1680.97
575.45764	1699
575.50482	1715.69
575.552	1697.12
575.59918	1700.67
575.64636	1706.02
575.69354	1684.19
575.74072	1675.16
575.7879	1704.02
575.83508	1686.96
575.88226	1660.86
575.92944	1680.22
575.97662	1684.67
576.0238	1687.56
576.07098	1666.67
576.11816	1683.11
576.16534	1701.45
576.21246	1670.84
576.25964	1646.31
576.30682	1684.64
576.354	1699.16
576.40118	1691.69
576.44836	1704.03
576.49554	1687.42
576.54272	1652.1
576.5899	1642.91
576.63708	1664.92
576.68427	1676.74
576.73145	1674.41
576.77863	1643.57
576.82581	1655.59
576.87299	1668.29
576.92017	1667.09
576.96735	1662.81
577.01453	1640.28
577.06171	1664.56
577.10889	1667
577.15607	1625.38
577.20325	1671.1
577.25043	1660.32
577.29761	1606.82
577.34479	1640.1
577.39197	1640.76
577.43915	1629.06
577.48633	1634.8
577.53351	1659.03
577.58069	1641.33
577.62787	1623.18
577.67505	1619.04
577.72223	1632.7
577.76941	1616.4
577.81659	1608.96
577.86377	1627.93
577.91095	1630.9
577.95813	1631.66
578.00531	1618.97
578.05249	1618.84
578.09967	1647.29
578.14685	1639.7
578.19397	1636.89
578.24115	1588.2
578.28833	1597.33
578.33551	1631.31
578.38269	1620.53
578.42987	1581.66
578.47705	1606.73
578.52423	1631.34
578.57141	1585.11
578.61859	1586.42
578.66577	1586.63
578.71295	1592.52
578.76013	1576.8
578.80731	1576.54
578.85449	1572.87
578.90167	1579.44
578.94885	1594.12
578.99603	1566.81
579.04321	1558.82
579.09039	1572.89
579.13757	1567.54
579.18475	1552.96
579.23193	1562.54
579.27911	1573.69
579.32629	1554.43
579.37347	1548.62
579.42065	1551.05
579.46783	1554.34
579.51501	1530.82
579.56219	1561.01
579.60938	1549.99
579.65656	1530.72
579.70374	1537.75
579.75092	1527.21
579.7981	1535.64
579.84528	1549.67
579.89246	1544.87
579.93964	1525.7
579.98682	1531.81
580.034	1531.84
580.08118	1544.99
580.1283	1549.5
580.17548	1531.56
580.22266	1518.42
580.26984	1501.2
580.31702	1503.54
580.3642	1522.55
580.41138	1527.98
580.45856	1522.6
580.50574	1526.75
580.55292	1528.08
580.6001	1525.58
580.64728	1514.88
580.69446	1503.05
580.74164	1507.25
580.78882	1502.14
580.836	1517.55
580.88318	1486.46
580.93036	1475.83
580.97754	1481.34
581.02472	1485.71
581.0719	1524.25
581.11908	1501.09
581.16626	1501.96
581.21344	1503.85
581.26062	1497.62
581.3078	1511.88
581.35498	1494.51
581.40216	1469.3
581.44934	1462.6
581.49652	1472.24
581.5437	1475.88
581.59088	1492.11
581.63806	1466.07
581.68524	1475.66
581.73242	1480.81
581.7796	1471.06
581.82678	1490.96
581.87396	1474.74
581.92114	1475.59
581.96832	1471.21
582.0155	1431.25
582.06268	1457.62
582.1098	1452.98
582.15698	1458.23
582.20416	1435.01
582.25134	1444.78
582.29852	1459.89
582.3457	1457.74
582.39288	1459.61
582.44006	1447.46
582.48724	1410.17
582.53442	1427.39
582.5816	1417.57
582.62878	1451.12
582.67596	1462.33
582.72314	1451.91
582.77032	1454.29
582.8175	1476.86
582.86469	1478.01
582.91187	1434.19
582.95905	1451.5
583.00623	1466.63
583.05341	1441.31
583.10059	1463.11
583.14777	1422.28
583.19495	1404.93
583.24213	1412.86
583.28931	1415.14
583.33649	1439.76
583.38367	1439.32
583.43085	1427.44
583.47803	1437.58
583.52521	1454.4
583.57239	1455.82
583.61957	1448.67
583.66675	1439.64
583.71393	1395
583.76111	1433.41
583.80829	1432.98
583.85547	1404.95
583.90265	1406.7
583.94983	1416.52
583.99701	1412
584.04419	1422.07
584.09131	1417.42
584.13849	1435.59
584.18567	1448.74
584.23285	1404.13
584.28003	1404.72
584.32721	1413.04
584.37439	1393.47
584.42157	1399.95
584.46875	1415.21
584.51593	1424
584.56311	1424.26
584.61029	1402.24
584.65747	1389.9
584.70465	1386.88
584.75183	1414.2
584.79901	1417.3
584.84619	1412.51
584.89337	1420.45
584.94055	1407.48
584.98773	1407.37
585.03491	1403.14
585.08209	1401.8
585.12927	1412.41
585.17645	1420.22
585.22363	1402.69
585.27081	1390.27
585.31799	1378.69
585.36517	1376.87
585.41235	1391.56
585.45953	1400.83
585.50671	1376.55
585.55389	1353.67
585.60107	1384.91
585.64825	1406.89
585.69543	1397.92
585.74261	1388.29
585.78979	1383.19
585.83698	1380.49
585.88416	1378.23
585.93134	1381.4
585.97852	1387.56
586.02563	1392.86
586.07281	1397.21
586.12	1395.7
586.16718	1372.52
586.21436	1360.07
586.26154	1375.32
586.30872	1385.18
586.3559	1368.05
586.40308	1364.39
586.45026	1373.74
586.49744	1360.89
586.54462	1371.45
586.5918	1387.96
586.63898	1395.08
586.68616	1381.96
586.73334	1371.44
586.78052	1366.67
586.8277	1388.71
586.87488	1376.38
586.92206	1372.43
586.96924	1383.04
587.01642	1366.69
587.0636	1362.74
587.11078	1351.94
587.15796	1361.63
587.20514	1348.8
587.25232	1375.43
587.2995	1363.67
587.34668	1332.39
587.39386	1367.44
587.44104	1352.52
587.48822	1368.29
587.5354	1334.92
587.58258	1340.27
587.62976	1342.2
587.67694	1336.64
587.72412	1361.58
587.7713	1359.81
587.81848	1357.73
587.86566	1334.49
587.91284	1328.04
587.96002	1332.54
588.00714	1332.84
588.05432	1378.77
588.1015	1372.6
588.14868	1354.36
588.19586	1336.2
588.24304	1337.62
588.29022	1313.6
588.3374	1320.87
588.38458	1325.46
588.43176	1325.1
588.47894	1345.19
588.52612	1332.47
588.5733	1318.41
588.62048	1335.15
588.66766	1324.39
588.71484	1308.65
588.76202	1320.85
588.8092	1323.57
588.85638	1332.6
588.90356	1339.03
588.95074	1343.26
588.99792	1318.42
589.0451	1310.72
589.09229	1320.7
589.13947	1304.4
589.18665	1315.12
589.23383	1333.47
589.28101	1301.21
589.32819	1321.82
589.37537	1343.22
589.42255	1330.36
589.46973	1298.28
589.51691	1294.48
589.56409	1310.35
589.61127	1314.1
589.65845	1314.05
589.70563	1311.79
589.75281	1289.14
589.79999	1293.72
589.84717	1285.74
589.89435	1267.96
589.94153	1298.2
589.98865	1293.95
590.03583	1287.1
590.08301	1324.8
590.13019	1300.18
590.17737	1290.61
590.22455	1296.91
590.27173	1281.86
590.31891	1262.29
590.36609	1263.51
590.41327	1307.24
590.46045	1309.46
590.50763	1287.15
590.55481	1273.24
590.60199	1280.1
590.64917	1267.37
590.69635	1276.92
590.74353	1286.89
590.79071	1288.81
590.83789	1267.82
590.88507	1282.52
590.93225	1272.33
590.97943	1253.53
591.02661	1262.6
591.07379	1237.62
591.12097	1252.15
591.16815	1276.22
591.21533	1275.67
591.26251	1253.85
591.30969	1246.77
591.35687	1285.26
591.40405	1283.55
591.45123	1255.41
591.49841	1249.41
591.54559	1258.74
591.59277	1267.98
591.63995	1266.62
591.68713	1264.58
591.73431	1256.05
591.78149	1242.94
591.82867	1288.02
591.87585	1276.8
591.92303	1248.36
591.97015	1240.23
592.01733	1244.51
592.06451	1263.43
592.11169	1251.04
592.15887	1247.48
592.20605	1238.98
592.25323	1232.32
592.30042	1243.03
592.3476	1238.92
592.39478	1254.76
592.44196	1255.76
592.48914	1261.67
592.53632	1244.91
592.5835	1233.46
592.63068	1214.8
592.67786	1219.33
592.72504	1253.73
592.77222	1253.67
592.8194	1243.34
592.86658	1229.91
592.91376	1230.93
592.96094	1239.98
593.00812	1244.08
593.0553	1245.2
593.10248	1245.77
593.14966	1256.57
593.19684	1232.5
593.24402	1207.32
593.2912	1225.94
593.33838	1235.25
593.38556	1242.69
593.43274	1249.42
593.47992	1267.55
593.5271	1238.11
593.57428	1235.83
593.62146	1223.43
593.66864	1195.53
593.71582	1231.45
593.763	1226.41
593.81018	1212.96
593.85736	1229.3
593.90448	1245.83
593.95166	1246.79
593.99884	1221.7
594.04602	1212.82
594.0932	1227.67
594.14038	1228.81
594.18756	1223.76
594.23474	1220.13
594.28192	1240.3
594.3291	1235.9
594.37628	1225.13
594.42346	1212.44
594.47064	1197.79
594.51782	1203.78
594.565	1212.36
594.61218	1217.53
594.65936	1218.66
594.70654	1239.76
594.75372	1219
594.8009	1190.66
594.84808	1203.57
594.89526	1197.25
594.94244	1194.25
594.98962	1173.35
595.0368	1179
595.08398	1208.72
595.13116	1210.74
595.17834	1196.32
595.22552	1182.84
595.27271	1211.84
595.31989	1192.21
595.36707	1179.41
595.41425	1192.76
595.46143	1194.65
595.50861	1188.4
595.55579	1180.8
595.60297	1192.64
595.65015	1196.79
595.69733	1180.21
595.74451	1175.74
595.79169	1176.87
595.83887	1176.18
595.88599	1178.1
595.93317	1195.44
595.98035	1184.75
596.02753	1179.08
596.07471	1175.43
596.12189	1173.73
596.16907	1184.1
596.21625	1185.9
596.26343	1178
596.31061	1176.63
596.35779	1171.72
596.40497	1161.56
596.45215	1162.41
596.49933	1169.79
596.54651	1175.13
596.59369	1166.74
596.64087	1167.56
596.68805	1158.57
596.73523	1164.03
596.78241	1170.99
596.82959	1165.64
596.87677	1168.55
596.92395	1170.99
596.97113	1153.28
597.01831	1159.12
597.06549	1166.31
597.11267	1162.17
597.15985	1171.88
597.20703	1170
597.25421	1162.74
597.30139	1172.48
597.34857	1182.78
597.39575	1178.96
597.44293	1170.61
597.49011	1172.76
597.53729	1169.23
597.58447	1167.74
597.63165	1157.23
597.67883	1162.41
597.72601	1163.1
597.77319	1157.71
597.82037	1150.35
597.86749	1139.79
597.91467	1142.59
597.96185	1151.39
598.00903	1155.11
598.05621	1143.21
598.10339	1129.28
598.15057	1140.29
598.19775	1139.28
598.24493	1142.53
598.29211	1164.84
598.33929	1157.19
598.38647	1144.11
598.43365	1153.83
598.48083	1141.77
598.52802	1123.56
598.5752	1144.94
598.62238	1164
598.66956	1137.86
598.71674	1135.11
598.76392	1146.66
598.8111	1124.01
598.85828	1148.34
598.90546	1153.59
598.95264	1134.33
598.99982	1123.68
599.047	1107.09
599.09418	1144.69
599.14136	1144.56
599.18854	1128.72
599.23572	1137.78
599.2829	1117.57
599.33008	1121.59
599.37726	1122.26
599.42444	1133.55
599.47162	1120.28
599.5188	1112.32
599.56598	1145.6
599.61316	1157.29
599.66034	1150.9
599.70752	1125.35
599.7547	1112.73
599.80188	1122.03
599.849	1124.48
599.89618	1127.39
599.94336	1125.44
599.99054	1129.98
600.03772	1133.53
600.0849	1124
600.13208	1116.21
600.17926	1127.65
600.22644	1127.56
600.27362	1121.9
600.3208	1124.57
600.36798	1116.56
600.41516	1109.85
600.46234	1116.1
600.50952	1137.32
600.5567	1133.34
600.60388	1134.62
600.65106	1149.11
600.69824	1123.17
600.74542	1100.38
600.7926	1092.97
600.83978	1112.39
600.88696	1113.88
600.93414	1110.34
600.98132	1101.31
601.0285	1097.08
601.07568	1096.39
601.12286	1090.02
601.17004	1117.73
601.21722	1117.39
601.2644	1082.96
601.31158	1075.47
601.35876	1107.64
601.40594	1141.64
601.45312	1090.17
601.50031	1098.07
601.54749	1115.12
601.59467	1107.17
601.64185	1116.5
601.68903	1093.04
601.73621	1100.92
601.78333	1092.54
601.83051	1089.05
601.87769	1087.5
601.92487	1099.43
601.97205	1128.7
602.01923	1119.76
602.06641	1103.5
602.11359	1101.73
602.16077	1103.05
602.20795	1095.81
602.25513	1086.63
602.30231	1085.76
602.34949	1082.45
602.39667	1096.45
602.44385	1098.33
602.49103	1113.3
602.53821	1092.78
602.58539	1080.21
602.63257	1094.09
602.67975	1112.19
602.72693	1096.47
602.77411	1081.66
602.82129	1089.08
602.86847	1086.5
602.91565	1085.13
602.96283	1082.88
603.01001	1090.98
603.05719	1096.5
603.10437	1092.35
603.15155	1077.11
603.19873	1085.29
603.24591	1094.66
603.29309	1071.34
603.34027	1082.16
603.38745	1072.19
603.43463	1065.03
603.48181	1074.14
603.52899	1076.27
603.57617	1088.62
603.62335	1100.7
603.67053	1098.22
603.71771	1093.94
603.76483	1050.53
603.81201	1064.1
603.85919	1096.46
603.90637	1089.13
603.95355	1087.79
604.00073	1080.09
604.04791	1096.65
604.09509	1095.33
604.14227	1045.41
604.18945	1058.58
604.23663	1098.36
604.28381	1099.12
604.33099	1078.48
604.37817	1080.99
604.42535	1073.55
604.47253	1064.69
604.51971	1057.88
604.56689	1097.46
604.61407	1073.88
604.66125	1075.63
604.70844	1060.57
604.75562	1043.64
604.8028	1081.57
604.84998	1084.8
604.89716	1082.54
604.94434	1070.3
604.99152	1081.7
605.0387	1084.67
605.08588	1078.49
605.13306	1073.67
605.18024	1100.15
605.22742	1101.82
605.2746	1084.38
605.32178	1071.8
605.36896	1066.57
605.41614	1077.26
605.46332	1083.13
605.5105	1084.12
605.55768	1086.41
605.60486	1065.47
605.65204	1068.23
605.69922	1083.66
605.74634	1068.95
605.79352	1048.13
605.8407	1078.98
605.88788	1081.59
605.93506	1064.83
605.98224	1078.51
606.02942	1080.6
606.0766	1065.09
606.12378	1070.42
606.17096	1061.61
606.21814	1061.35
606.26532	1037.53
606.3125	1046.55
606.35968	1071.32
606.40686	1069.08
606.45404	1060.09
606.50122	1068
606.5484	1055.09
606.59558	1056.18
606.64276	1071.56
606.68994	1057.64
606.73712	1052.52
606.7843	1072.05
606.83148	1056.9
606.87866	1054.52
606.92584	1069.04
606.97302	1078.41
607.0202	1064.92
607.06738	1059.38
607.11456	1021.07
607.16174	1044.61
607.20892	1058.86
607.2561	1053.35
607.30328	1077.29
607.35046	1058.68
607.39764	1056.57
607.44482	1075.32
607.492	1058.38
607.53918	1037.52
607.58636	1071.98
607.63354	1054.97
607.68066	1054.17
607.72784	1035.3
607.77502	1057.48
607.8222	1071.94
607.86938	1068.84
607.91656	1045.47
607.96375	1063.43
608.01093	1047.95
608.05811	1028.53
608.10529	1032.17
608.15247	1050.28
608.19965	1057.2
608.24683	1052.2
608.29401	1065.95
608.34119	1074.48
608.38837	1055.03
608.43555	1045.21
608.48273	1041.66
608.52991	1063.25
608.57709	1059.16
608.62427	1046.51
608.67145	1058.48
608.71863	1063.08
608.76581	1056.67
608.81299	1057.78
608.86017	1055.05
608.90735	1052.16
608.95453	1063.75
609.00171	1064.44
609.04889	1076.74
609.09607	1073.57
609.14325	1069.25
609.19043	1066.04
609.23761	1054.87
609.28479	1067.21
609.33197	1076.46
609.37915	1075.67
609.42633	1096.44
609.47351	1091.58
609.52069	1073.58
609.56787	1081.49
609.61505	1076.32
609.66217	1081.78
609.70935	1102.24
609.75653	1096.3
609.80371	1108.97
609.85089	1119.69
609.89807	1122.21
609.94525	1140.73
609.99243	1127.24
610.03961	1141.37
610.08679	1126.83
610.13397	1116.36
610.18115	1135.12
610.22833	1136.42
610.27551	1144.09
610.32269	1132.6
610.36987	1148.57
610.41705	1157.54
610.46423	1141.45
610.51141	1142.72
610.55859	1151.02
610.60577	1175.19
610.65295	1188.17
610.70013	1185.24
610.74731	1173.42
610.79449	1174.21
610.84167	1180.85
610.88885	1175.32
610.93604	1158.06
610.98322	1150.48
611.0304	1182.03
611.07758	1212.43
611.12476	1212.56
611.17194	1181.75
611.21912	1167.1
611.2663	1173.28
611.31348	1179.46
611.36066	1184.37
611.40784	1174.7
611.45502	1192.9
611.5022	1195.41
611.54938	1185.22
611.59656	1178.64
611.64368	1158.88
611.69086	1165.01
611.73804	1175.4
611.78522	1174.24
611.8324	1186.24
611.87958	1180.18
611.92676	1165.69
611.97394	1173.54
612.02112	1178.3
612.0683	1170.69
612.11548	1150.22
612.16266	1181.05
612.20984	1191.54
612.25702	1157.2
612.3042	1189.94
612.35138	1202.91
612.39856	1183.14
612.44574	1181.73
612.49292	1178.86
612.5401	1179.2
612.58728	1182.74
612.63446	1182.76
612.68164	1158.5
612.72882	1171.48
612.776	1172.66
612.82318	1158.73
612.87036	1164.46
612.91754	1171.84
612.96472	1155.81
613.0119	1157.67
613.05908	1143.4
613.10626	1145.08
613.15344	1142.08
613.20062	1138.41
613.2478	1118.67
613.29498	1111.73
613.34216	1133.6
613.38934	1134.29
613.43652	1118.48
613.4837	1119.65
613.53088	1109.72
613.57806	1117.01
613.62518	1104.4
613.67236	1103.27
613.71954	1099.29
613.76672	1086.36
613.8139	1101.53
613.86108	1110.06
613.90826	1109.64
613.95544	1093.68
614.00262	1078.46
614.0498	1083.98
614.09698	1088.4
614.14417	1072.94
614.19135	1067.06
614.23853	1076.06
614.28571	1075.3
614.33289	1065.27
614.38007	1069.97
614.42725	1069.69
614.47443	1052.57
614.52161	1057.13
614.56879	1047.3
614.61597	1043.13
614.66315	1029.17
614.71033	1035.82
614.75751	1047.08
614.80469	1031.51
614.85187	1032.27
614.89905	1028.61
614.94623	1005.73
614.99341	993.144
615.04059	1007.03
615.08777	1007.3
615.13495	1010.11
615.18213	1015.45
615.22931	1006.12
615.27649	1006.9
615.32367	1002.66
615.37085	1007.28
615.41803	1035.17
615.46521	1000.16
615.51239	991.931
615.55951	1000.59
615.60669	1018
615.65387	1000.59
615.70105	982.455
615.74823	1001.51
615.79541	1002.95
615.84259	996.418
615.88977	988.751
615.93695	976.488
615.98413	1003.52
616.03131	971.87
616.07849	985.941
616.12567	992.436
616.17285	978.471
616.22003	984.51
616.26721	969.933
616.31439	973.295
616.36157	987.973
616.40875	982.443
616.45593	970.399
616.50311	978.258
616.55029	977.857
616.59747	979.725
616.64465	1003.6
616.69183	989.212
616.73901	966.17
616.78619	965.671
616.83337	976.294
616.88055	988.353
616.92773	973.386
616.97491	1002.6
617.02209	967.952
617.06927	965.617
617.11646	963.637
617.16364	972.83
617.21082	975.507
617.258	961.839
617.30518	983.717
617.35236	962.982
617.39954	966.481
617.44672	983.04
617.4939	967.145
617.54102	977.228
617.5882	960.562
617.63538	965.93
617.68256	982.693
617.72974	951.377
617.77692	950.906
617.8241	970.275
617.87128	955.71
617.91846	937.167
617.96564	959.755
618.01282	977.928
618.06	949.838
618.10718	979.038
618.15436	976.786
618.20154	963.528
618.24872	971.454
618.2959	962.928
618.34308	971.698
618.39026	977.129
618.43744	978.977
618.48462	965.724
618.5318	969.858
618.57898	961.229
618.62616	972.03
618.67334	978.657
618.72052	964.052
618.7677	951.096
618.81488	963.153
618.86206	975.872
618.90924	956.635
618.95642	960.612
619.0036	963.42
619.05078	964.341
619.09796	956.751
619.14514	962.965
619.19232	976.052
619.2395	959.412
619.28668	963.904
619.33386	949.595
619.38104	943.744
619.42822	962.995
619.4754	950.513
619.52252	993.084
619.5697	948.693
619.61688	954.18
619.66406	962.254
619.71124	956.136
619.75842	952.63
619.8056	958.704
619.85278	955.917
619.89996	952.758
619.94714	958.737
619.99432	971.787
620.0415	960.577
620.08868	968.159
620.13586	984.814
620.18304	958.384
620.23022	961.414
620.2774	950.557
620.32458	941.442
620.37177	946.836
620.41895	934.618
620.46613	962.601
620.51331	969.575
620.56049	968.897
620.60767	963.609
620.65485	944.19
620.70203	962.476
620.74921	943.302
620.79639	959.548
620.84357	941.042
620.89075	940.158
620.93793	969.726
620.98511	953.223
621.03229	947.345
621.07947	963.481
621.12665	956.238
621.17383	939.87
621.22101	946.294
621.26819	956.172
621.31537	948.346
621.36255	953.602
621.40973	950.321
621.45685	952.393
621.50403	937.943
621.55121	947.605
621.59839	945.647
621.64557	947.602
621.69275	953.304
621.73993	954.916
621.78711	962.11
621.83429	965.392
621.88147	946.548
621.92865	945.053
621.97583	944.71
622.02301	932.607
622.07019	925.52
622.11737	945.429
622.16455	930.349
622.21173	921.475
622.25891	927.877
622.30609	951.732
622.35327	950.793
622.40045	932.925
622.44763	940.184
622.49481	942.212
622.54199	940.95
622.58917	944.917
622.63635	950.714
622.68353	941.703
622.73071	934.669
622.77789	926.196
622.82507	933.535
622.87225	949.505
622.91943	944.237
622.96661	921.548
623.01379	948.036
623.06097	953.482
623.10815	924.723
623.15533	940.277
623.20251	950.672
623.24969	930.223
623.29688	935.683
623.34406	933.976
623.39124	922.89
623.43835	914.015
623.48553	923.336
623.53271	933.91
623.5799	922.851
623.62708	924.66
623.67426	915.432
623.72144	918.894
623.76862	929.464
623.8158	912.148
623.86298	899.598
623.91016	914.06
623.95734	903.802
624.00452	912.14
624.0517	937.368
624.09888	943.584
624.14606	924.61
624.19324	915.259
624.24042	931.921
624.2876	942.5
624.33478	934.128
624.38196	902.582
624.42914	901.988
624.47632	915.386
624.5235	915.152
624.57068	929.677
624.61786	930.134
624.66504	925.877
624.71222	914.652
624.7594	915.159
624.80658	906.998
624.85376	901.091
624.90094	910.662
624.94812	913.403
624.9953	899.041
625.04248	898.076
625.08966	923.728
625.13684	902.563
625.18402	919.758
625.2312	925.196
625.27838	901.991
625.32556	891.152
625.37274	895.182
625.41986	905.787
625.46704	915.536
625.51422	913.629
625.5614	908.099
625.60858	904.745
625.65576	899.438
625.70294	895.894
625.75012	886.184
625.7973	899.338
625.84448	911.257
625.89166	888.741
625.93884	877.921
625.98602	893.077
626.0332	903.793
626.08038	913.608
626.12756	897.22
626.17474	915.01
626.22192	926.003
626.2691	884.681
626.31628	896.388
626.36346	897.136
626.41064	899.326
626.45782	897.158
626.505	889.579
626.55219	904.566
626.59937	912.328
626.64655	876.267
626.69373	888.98
626.74091	912.748
626.78809	916.484
626.83527	894.052
626.88245	875.597
626.92963	887.746
626.97681	893.686
627.02399	890.558
627.07117	885.009
627.11835	868.069
627.16553	884.567
627.21271	883.861
627.25989	884.061
627.30707	898.237
627.35425	884.786
627.40137	881.006
627.44855	878.937
627.49573	892.032
627.54291	874.994
627.59009	883.197
627.63727	892.203
627.68445	879.151
627.73163	893.94
627.77881	909.448
627.82599	893.563
627.87317	889.454
627.92035	881.13
627.96753	881.231
628.01471	887.335
628.06189	877.94
628.10907	877.346
628.15625	882.96
628.20343	880.786
628.25061	902.484
628.29779	892.135
628.34497	874.681
628.39215	870.054
628.43933	869.322
628.48651	885.272
628.53369	877.151
628.58087	896.765
628.62805	884.458
628.67523	887.1
628.72241	870.774
628.76959	876.725
628.81677	882.345
628.86395	882.269
628.91113	871.758
628.95831	875.88
629.00549	869.328
629.05267	872.863
629.09985	859.544
629.14703	886.245
629.19421	879.193
629.24139	857.831
629.28857	867.48
629.33569	861.431
629.38287	867.466
629.43005	887.236
629.47723	873.573
629.52441	865.039
629.57159	874.147
629.61877	876.008
629.66595	867.442
629.71313	881.305
629.76031	864.324
629.8075	870.522
629.85468	853.651
629.90186	865.609
629.94904	879.176
629.99622	853.185
630.0434	857.673
630.09058	879.397
630.13776	880.005
630.18494	871.309
630.23212	864.487
630.2793	870.304
630.32648	861.448
630.37366	857.746
630.42084	872.052
630.46802	862.009
630.5152	881.247
630.56238	866.197
630.60956	864.974
630.65674	873.474
630.70392	864.696
630.7511	865.018
630.79828	851.462
630.84546	874.531
630.89264	856.784
630.93982	858.069
630.987	861.658
631.03418	861.333
631.08136	864.716
631.12854	865.002
631.17572	853.436
631.2229	864.302
631.27008	862.059
631.3172	862.382
631.36438	873.47
631.41156	855.404
631.45874	860.844
631.50592	851.331
631.5531	847.562
631.60028	846.74
631.64746	855.443
631.69464	848.719
631.74182	853.867
631.789	843.428
631.83618	853.912
631.88336	862.104
631.93054	856.768
631.97772	847.231
632.0249	853.504
632.07208	863.111
632.11926	857.588
632.16644	840.673
632.21362	856.993
632.2608	845.235
632.30798	876.322
632.35516	830.247
632.40234	842.055
632.44952	828.18
632.4967	833.024
632.54388	845.934
632.59106	852.496
632.63824	833.7
632.68542	829.676
632.7326	846.031
632.77979	830.886
632.82697	842.92
632.87415	841.847
632.92133	834.455
632.96851	847.384
633.01569	827.578
633.06287	827.356
633.11005	830.79
633.15723	858.406
633.20441	832.723
633.25159	848.467
633.29871	840.401
633.34589	864.839
633.39307	837.215
633.44025	817.105
633.48743	830.229
633.53461	827.035
633.58179	839.131
633.62897	834.627
633.67615	824.356
633.72333	825.03
633.77051	833.566
633.81769	820.658
633.86487	822.317
633.91205	838.655
633.95923	831.634
634.00641	825.705
634.05359	822.223
634.10077	826.283
634.14795	842.2
634.19513	836.182
634.24231	831.824
634.28949	829.642
634.33667	817.155
634.38385	833.133
634.43103	839.77
634.47821	832.332
634.52539	806.277
634.57257	812.743
634.61975	820.514
634.66693	832.808
634.71411	827.859
634.76129	814.356
634.80847	825.422
634.85565	842.53
634.90283	828.39
634.95001	838.696
634.99719	839.756
635.04437	835.129
635.09155	835.845
635.13873	832.013
635.18591	835.032
635.23309	831.885
635.28021	822.026
635.32739	814.777
635.37457	827.492
635.42175	832.521
635.46893	823.77
635.51611	836.784
635.56329	827.104
635.61047	812.548
635.65765	837.28
635.70483	841.719
635.75201	818.184
635.79919	824.741
635.84637	823.141
635.89355	823.775
635.94073	817.856
635.98792	836.793
636.0351	847.905
636.08228	820.104
636.12946	834.837
636.17664	836.137
636.22382	814.552
636.271	829.004
636.31818	839.369
636.36536	813.434
636.41254	811.517
636.45972	828.43
636.5069	817.798
636.55408	810.704
636.60126	810.683
636.64844	825.109
636.69562	832.704
636.7428	830.043
636.78998	831.077
636.83716	822.063
636.88434	824.898
636.93152	822.122
636.9787	822.066
637.02588	817.31
637.07306	803.828
637.12024	813.614
637.16742	828.373
637.21454	822.586
637.26172	822.255
637.3089	830.084
637.35608	822.048
637.40326	817.693
637.45044	826.897
637.49762	838.245
637.5448	840.363
637.59198	822.861
637.63916	827.496
637.68634	819.919
637.73352	815.682
637.7807	815.086
637.82788	814.827
637.87506	821.571
637.92224	812.295
637.96942	821.221
638.0166	821.808
638.06378	832.497
638.11096	832.868
638.15814	822.046
638.20532	812.095
638.2525	827.83
638.29968	827.834
638.34686	832.529
638.39404	835.928
638.44122	823.822
638.4884	823.03
638.53558	810.098
638.58276	813.116
638.62994	825.883
638.67712	819.725
638.7243	833.879
638.77148	835.789
638.81866	817.511
638.86584	833.852
638.91302	816.775
638.96021	825.847
639.00739	831.912
639.05457	828.399
639.10175	821.57
639.14893	830.113
639.19604	811.724
639.24323	820.893
639.29041	814.166
639.33759	827.005
639.38477	822.33
639.43195	815.418
639.47913	830.051
639.52631	832.57
639.57349	829.981
639.62067	815.279
639.66785	810.578
639.71503	830.928
639.76221	822.164
639.80939	839.811
639.85657	833.983
639.90375	822.016
639.95093	813.764
639.99811	820.011
640.04529	815.116
640.09247	843.777
640.13965	817.671
640.18683	795.544
640.23401	811.183
640.28119	810.584
640.32837	826.651
640.37555	817.214
640.42273	820.194
640.46991	807.633
640.51709	795.459
640.56427	826.223
640.61145	835.406
640.65863	812.708
640.70581	818.453
640.75299	813.902
640.80017	818.625
640.84735	824.736
640.89453	810.382
640.94171	812.447
640.98889	810.088
641.03607	819.909
641.08325	805.058
641.13043	816.536
641.17755	818.531
641.22473	815.965
641.27191	831.067
641.31909	815.932
641.36627	806.443
641.41345	812.43
641.46063	827.963
641.50781	804.312
641.55499	795.789
641.60217	811.567
641.64935	798.708
641.69653	811.443
641.74371	801.382
641.79089	810.639
641.83807	794.936
641.88525	819.26
641.93243	823.27
641.97961	804.094
642.02679	811.132
642.07397	819.537
642.12115	804.924
642.16833	826.044
642.21552	832.085
642.2627	821.646
642.30988	797.76
642.35706	806.453
642.40424	807.74
642.45142	809.606
642.4986	810.245
642.54578	806.762
642.59296	805.83
642.64014	809.774
642.68732	801.59
642.7345	811.037
642.78168	799.699
642.82886	810.959
642.87604	824.223
642.92322	816.97
642.9704	826.464
643.01758	802.29
643.06476	813.471
643.11188	807.183
643.15906	811.203
643.20624	832.686
643.25342	807.652
643.3006	819.144
643.34778	810.615
643.39496	820.969
643.44214	826.246
643.48932	811.589
643.5365	807.877
643.58368	804.902
643.63086	816.709
643.67804	812.776
643.72522	813.286
643.7724	795.7
643.81958	810.351
643.86676	822.864
643.91394	837.821
643.96112	817.481
644.0083	814.486
644.05548	816.132
644.10266	809.102
644.14984	806.813
644.19702	796.124
644.2442	805.792
644.29138	811.249
644.33856	803.51
644.38574	810.614
644.43292	830.405
644.4801	805.332
644.52728	808.18
644.57446	826.068
644.62164	808.29
644.66882	811.494
644.716	820.864
644.76318	807.62
644.81036	818.71
644.85754	824.94
644.90472	839.226
644.9519	818.299
644.99908	822.056
645.04626	804.006
645.09338	786.589
645.14056	807.743
645.18774	822.75
645.23492	806.949
645.2821	809.845
645.32928	811.521
645.37646	833.222
645.42365	807.602
645.47083	812.695
645.51801	801.935
645.56519	801.716
645.61237	811.609
645.65955	808.179
645.70673	798.957
645.75391	804.091
645.80109	797.291
645.84827	804.591
645.89545	811.399
645.94263	803.463
645.98981	817.668
646.03699	820.625
646.08417	811.911
646.13135	812.301
646.17853	816.396
646.22571	813.967
646.27289	811.706
646.32007	807.65
646.36725	823.718
646.41443	822.962
646.46161	819.882
646.50879	823.39
646.55597	813.623
646.60315	819.814
646.65033	834.543
646.69751	822.903
646.74469	811.291
646.79187	820.713
646.83905	822.862
646.88623	826.568
646.93341	822.785
646.98059	816.77
647.02777	831.015
647.07489	821.3
647.12207	816.397
647.16925	814.722
647.21643	816.656
647.26361	815.865
647.31079	828.161
647.35797	815.771
647.40515	809.352
647.45233	828.556
647.49951	825.858
647.54669	808.852
647.59387	821.114
647.64105	828.02
647.68823	808.154
647.73541	834.824
647.78259	814.834
647.82977	807.892
647.87695	815.769
647.92413	824.76
647.97131	825.18
648.01849	813.864
648.06567	825.14
648.11285	837.919
648.16003	837.39
648.20721	818.238
648.25439	825.775
648.30157	827.225
648.34875	814.732
648.39594	837.504
648.44312	831.978
648.4903	824.765
648.53748	822.938
648.58466	823.077
648.63184	837.426
648.67902	842.777
648.7262	822.316
648.77338	819.083
648.82056	810.376
648.86774	810.374
648.91492	822.707
648.9621	821.366
649.00928	831.855
649.0564	828.948
649.10358	836.67
649.15076	830.71
649.19794	828.11
649.24512	822.027
649.2923	827.482
649.33948	835.464
649.38666	837.673
649.43384	829.747
649.48102	836.58
649.5282	828.109
649.57538	822.842
649.62256	834.9
649.66974	829.08
649.71692	835.036
649.7641	815.772
649.81128	824.912
649.85846	839.302
649.90564	800.907
649.95282	835.403
650	837.26
