420.0000	600.626
421.0000	539.144
422.0000	492.357
423.0000	447.257
424.0000	407.491
425.0000	365.159
426.0000	319.65
427.0000	299.539
428.0000	284.98
429.0000	276.401
430.0000	269.487
431.0000	264.973
432.0000	257.695
433.0000	251.392
434.0000	245.403
435.0000	227.299
436.0000	208.627
437.0000	196.211
438.0000	187.017
439.0000	180.776
440.0000	172.937
441.0000	171.044
442.0000	173.827
443.0000	165.621
444.0000	167.428
445.0000	170.906
446.0000	172.128
447.0000	177.706
448.0000	174.632
449.0000	183.152
450.0000	193.343
451.0000	200.459
452.0000	218.467
453.0000	245.097
454.0000	272.602
455.0000	329.542
456.0000	381.85
457.0000	440.911
458.0000	495.296
459.0000	539.303
460.0000	555.579
461.0000	557.461
462.0000	522.461
463.0000	468.223
464.0000	406.888
465.0000	346.344
466.0000	296.906
467.0000	250.722
468.0000	219.697
469.0000	205.969
470.0000	199.349
471.0000	192.383
472.0000	188.991
473.0000	195.64
474.0000	199.914
475.0000	205.398
476.0000	217.474
477.0000	220.021
478.0000	228.909
479.0000	237.727
480.0000	252.029
481.0000	258.751
482.0000	267.074
483.0000	281.675
484.0000	298.225
485.0000	318.807
486.0000	335.279
487.0000	349.677
488.0000	369.276
489.0000	391.458
490.0000	421.449
491.0000	446.202
492.0000	476.162
493.0000	507.372
494.0000	556.727
495.0000	589.115
496.0000	643.545
497.0000	683.443
498.0000	727.981
499.0000	778.423
500.0000	835.976
501.0000	880.195
502.0000	941.23
503.0000	992.214
504.0000	1062.79
505.0000	1114.51
506.0000	1176.9
507.0000	1243.93
508.0000	1287.27
509.0000	1339.77
510.0000	1425.21
511.0000	1467.4
512.0000	1516.14
513.0000	1567.24
514.0000	1607.52
515.0000	1638.98
516.0000	1687.2
517.0000	1712.94
518.0000	1718.05
519.0000	1730.52
520.0000	1749.49
521.0000	1758.3
522.0000	1735.93
523.0000	1726.92
524.0000	1694.28
525.0000	1673.29
526.0000	1639.4
527.0000	1594.04
528.0000	1567.67
529.0000	1507.55
530.0000	1462.88
531.0000	1401.83
532.0000	1346.23
533.0000	1281.61
534.0000	1217.07
535.0000	1141.87
536.0000	1084.46
537.0000	1029.38
538.0000	964.021
539.0000	894.391
540.0000	839.107
541.0000	782.014
542.0000	738.182
543.0000	681.532
544.0000	633.137
545.0000	599.028
546.0000	558.279
547.0000	507.63
548.0000	474.203
549.0000	445.357
550.0000	405.859
551.0000	381.68
552.0000	363.786
553.0000	334.245
554.0000	311.428
555.0000	298.581
556.0000	279.868
557.0000	262.929
558.0000	246.183
559.0000	231.594
560.0000	222.335
561.0000	212.187
562.0000	203.753
563.0000	189.694
564.0000	183.31
565.0000	178.581
566.0000	169.546
567.0000	158.859
568.0000	155.225
569.0000	147.332
570.0000	135.945
571.0000	133.748
572.0000	131.715
573.0000	125.696
574.0000	116.51
575.0000	116.539
576.0000	113.054
577.0000	109.414
578.0000	105.259
579.0000	97.4062
580.0000	99.4285
581.0000	95.6371
582.0000	91.9123
583.0000	93.6648
584.0000	91.4114
585.0000	89.6998
586.0000	83.3588
587.0000	81.8042
588.0000	78.8134
589.0000	77.7427
590.0000	79.5134
591.0000	76.3055
592.0000	75.9843
593.0000	75.6182
594.0000	71.0121
595.0000	69.4602
596.0000	66.9115
597.0000	65.6926
598.0000	66.7132
599.0000	67.5352
600.0000	65.2432
601.0000	63.852
602.0000	60.8668
603.0000	63.4117
604.0000	59.6029
605.0000	60.0522
606.0000	58.4332
607.0000	58.1736
608.0000	55.1884
609.0000	56.8408
610.0000	53.2687
611.0000	53.4158
612.0000	54.3018
613.0000	51.9341
614.0000	51.3303
615.0000	50.6062
616.0000	49.2546
617.0000	47.7444
618.0000	47.654
619.0000	48.4126
620.0000	46.4192
621.0000	47.5255
622.0000	43.253
623.0000	43.1943
624.0000	43.9135
625.0000	40.8998
626.0000	41.8343
627.0000	41.2091
628.0000	39.1728
629.0000	40.6227
630.0000	39.2822
631.0000	39.3421
632.0000	36.6455
633.0000	36.1484
634.0000	35.293
635.0000	34.478
636.0000	34.6352
637.0000	32.7982
638.0000	31.5557
639.0000	33.3715
640.0000	31.0382
641.0000	33.4278
642.0000	30.5979
643.0000	30.0741
644.0000	27.4275
645.0000	27.658
646.0000	28.6282
647.0000	27.5547
648.0000	25.8707
649.0000	25.4937
650.0000	25.3339
651.0000	25.2686
652.0000	23.8443
653.0000	23.9334
654.0000	22.4558
655.0000	21.8325
656.0000	21.1619
657.0000	20.7156
658.0000	21.0166
659.0000	20.6823
660.0000	21.0761
661.0000	19.38
662.0000	18.3289
663.0000	17.6924
664.0000	17.1687
665.0000	18.1488
666.0000	17.2167
667.0000	17.6914
668.0000	16.143
669.0000	15.3129
670.0000	15.1073
671.0000	14.1102
672.0000	15.3544
673.0000	13.6641
674.0000	13.4178
675.0000	13.8019
676.0000	14.1874
677.0000	12.0808
678.0000	11.87
679.0000	11.7752
680.0000	12.2327
681.0000	12.1621
682.0000	12.1942
683.0000	10.9536
684.0000	9.99129
685.0000	9.87834
686.0000	10.42
687.0000	9.31546
688.0000	8.38419
689.0000	8.77275
690.0000	8.23867
691.0000	7.35852
692.0000	7.42236
693.0000	7.37774
694.0000	7.46609
695.0000	6.99733
696.0000	7.59196
697.0000	6.9326
698.0000	6.42649
699.0000	6.47264
700.0000	6.65883
701.0000	6.49333
702.0000	6.04583
703.0000	6.83143
704.0000	6.58214
705.0000	6.59434
706.0000	5.5545
707.0000	6.93186
708.0000	6.81568
709.0000	6.90478
710.0000	6.3997
711.0000	6.39963
712.0000	6.06712
713.0000	6.25504
714.0000	6.09593
715.0000	5.92822
716.0000	6.41122
717.0000	6.04431
718.0000	5.05638
719.0000	6.25745
720.0000	5.9637
721.0000	5.37018
722.0000	6.62026
723.0000	7.14199
724.0000	6.79307
725.0000	6.45211
726.0000	6.91306
727.0000	8.06742
728.0000	7.75724
729.0000	7.37865
730.0000	8.57974
731.0000	9.17833
732.0000	11.3508
733.0000	12.1044
734.0000	10.994
735.0000	13.4288
736.0000	12.7783
737.0000	13.7432
738.0000	15.5049
739.0000	16.9868
740.0000	15.054
741.0000	16.2032
742.0000	17.3423
743.0000	17.1424
744.0000	18.7701
745.0000	17.6376
746.0000	19.3309
747.0000	20.1007
748.0000	18.5543
749.0000	20.455
750.0000	21.1838
