420.0000	289.382
421.0000	297.027
422.0000	298.218
423.0000	290.977
424.0000	271.995
425.0000	265.253
426.0000	253.565
427.0000	245.348
428.0000	244.094
429.0000	244.145
430.0000	242.731
431.0000	248.496
432.0000	245.091
433.0000	233.74
434.0000	221.088
435.0000	201.381
436.0000	189.662
437.0000	177.269
438.0000	163.79
439.0000	160.66
440.0000	158.637
441.0000	153.651
442.0000	152.502
443.0000	149.131
444.0000	147.644
445.0000	146.101
446.0000	154.085
447.0000	150.448
448.0000	154.357
449.0000	156.154
450.0000	161.785
451.0000	176.209
452.0000	183.076
453.0000	215.419
454.0000	251.027
455.0000	296.41
456.0000	353.52
457.0000	412.907
458.0000	472.148
459.0000	506.265
460.0000	525.504
461.0000	521.183
462.0000	481.741
463.0000	426.673
464.0000	366.593
465.0000	299.639
466.0000	242.599
467.0000	195.51
468.0000	166.157
469.0000	147.154
470.0000	131.504
471.0000	122.13
472.0000	124.172
473.0000	117.307
474.0000	116.234
475.0000	112.536
476.0000	110.915
477.0000	111.312
478.0000	111.53
479.0000	107.888
480.0000	107.464
481.0000	103.876
482.0000	104.924
483.0000	102.317
484.0000	101.746
485.0000	99.8192
486.0000	95.3703
487.0000	96.2727
488.0000	93.3225
489.0000	93.6924
490.0000	90.9072
491.0000	90.8087
492.0000	88.2651
493.0000	86.7565
494.0000	82.5446
495.0000	82.3841
496.0000	81.016
497.0000	79.9339
498.0000	74.9292
499.0000	74.7631
500.0000	74.2765
501.0000	69.0321
502.0000	71.9828
503.0000	70.6211
504.0000	66.4907
505.0000	64.8467
506.0000	63.5653
507.0000	60.6528
508.0000	59.6184
509.0000	59.7315
510.0000	58.194
511.0000	58.2289
512.0000	54.7343
513.0000	54.9436
514.0000	52.9886
515.0000	52.9297
516.0000	49.7594
517.0000	50.4574
518.0000	50.0068
519.0000	47.8679
520.0000	46.4683
521.0000	42.9251
522.0000	43.9513
523.0000	43.4821
524.0000	39.9993
525.0000	41.3859
526.0000	38.7785
527.0000	38.4544
528.0000	37.2745
529.0000	36.0133
530.0000	34.4176
531.0000	34.4349
532.0000	35.465
533.0000	35.5072
534.0000	31.9333
535.0000	33.4939
536.0000	31.6266
537.0000	32.6741
538.0000	32.0863
539.0000	31.3795
540.0000	31.2132
541.0000	31.8236
542.0000	28.0735
543.0000	27.4565
544.0000	27.0588
545.0000	24.9309
546.0000	26.4872
547.0000	25.7133
548.0000	24.0975
549.0000	24.7483
550.0000	23.1384
551.0000	21.9493
552.0000	20.6877
553.0000	20.2779
554.0000	21.607
555.0000	20.7746
556.0000	18.5329
557.0000	19.561
558.0000	17.9606
559.0000	18.0125
560.0000	17.5031
561.0000	18.7021
562.0000	15.0243
563.0000	14.9354
564.0000	14.2708
565.0000	14.2567
566.0000	15.4495
567.0000	14.8523
568.0000	13.1094
569.0000	13.3174
570.0000	12.2255
571.0000	11.4198
572.0000	12.1764
573.0000	11.6188
574.0000	10.6573
575.0000	11.3653
576.0000	10.0078
577.0000	9.86757
578.0000	8.21077
579.0000	9.85
580.0000	9.28503
581.0000	9.41817
582.0000	7.97665
583.0000	8.1817
584.0000	8.27792
585.0000	8.2809
586.0000	7.93615
587.0000	7.16004
588.0000	7.43133
589.0000	7.15442
590.0000	6.5906
591.0000	6.358
592.0000	7.36077
593.0000	6.27666
594.0000	6.68655
595.0000	6.44354
596.0000	6.89597
597.0000	5.42732
598.0000	7.00845
599.0000	5.74536
600.0000	5.47881
601.0000	5.94652
602.0000	5.77268
603.0000	5.41728
604.0000	5.687
605.0000	5.31939
606.0000	5.47798
607.0000	5.61406
608.0000	4.89732
609.0000	4.66801
610.0000	3.8542
611.0000	3.993
612.0000	4.21376
613.0000	5.51906
614.0000	3.92114
615.0000	4.40545
616.0000	4.03687
617.0000	3.75909
618.0000	3.88503
619.0000	3.2499
620.0000	3.8326
621.0000	3.64139
622.0000	3.49039
623.0000	3.84925
624.0000	3.39333
625.0000	3.2429
626.0000	4.08613
627.0000	3.6534
628.0000	4.4323
629.0000	3.8739
630.0000	3.71078
631.0000	4.15964
632.0000	4.11797
633.0000	3.82364
634.0000	4.08696
635.0000	3.27919
636.0000	3.5782
637.0000	3.3713
638.0000	3.23795
639.0000	3.33204
640.0000	2.92999
641.0000	3.23353
642.0000	3.17751
643.0000	2.59658
644.0000	3.02211
645.0000	2.99632
646.0000	2.78681
647.0000	3.39128
648.0000	3.93184
649.0000	2.90288
650.0000	3.08221
651.0000	3.71403
652.0000	3.48164
653.0000	2.70122
654.0000	2.26357
655.0000	2.97883
656.0000	2.53933
657.0000	2.74681
658.0000	3.36273
659.0000	3.19929
660.0000	3.0174
661.0000	2.88198
662.0000	2.46183
663.0000	2.25809
664.0000	2.70488
665.0000	3.60681
666.0000	3.11972
667.0000	3.28427
668.0000	2.7651
669.0000	2.36197
670.0000	3.08261
671.0000	2.92495
672.0000	2.61744
673.0000	2.62304
674.0000	3.31725
675.0000	3.04689
676.0000	3.35513
677.0000	2.84672
678.0000	2.72776
679.0000	2.61956
680.0000	2.42836
681.0000	2.72764
682.0000	2.41885
683.0000	2.62337
684.0000	2.72556
685.0000	1.99666
686.0000	2.34561
687.0000	1.74573
688.0000	2.33309
689.0000	2.41605
690.0000	2.28927
691.0000	2.60252
692.0000	1.57133
693.0000	2.22373
694.0000	2.3942
695.0000	2.57216
696.0000	2.06165
697.0000	2.13845
698.0000	2.10769
699.0000	2.13905
700.0000	2.34461
701.0000	1.82475
702.0000	2.48699
703.0000	2.0376
704.0000	1.75202
705.0000	2.7241
706.0000	1.62177
707.0000	2.49043
708.0000	1.45859
709.0000	1.55777
710.0000	2.1047
711.0000	2.08153
712.0000	1.661
713.0000	1.54115
714.0000	1.51193
715.0000	1.69367
716.0000	2.3482
717.0000	2.24571
718.0000	1.90936
719.0000	2.30022
720.0000	2.31497
721.0000	2.55913
722.0000	2.36214
723.0000	2.97837
724.0000	2.57463
725.0000	3.29592
726.0000	3.62984
727.0000	3.73827
728.0000	4.65375
729.0000	5.57074
730.0000	6.11644
731.0000	6.17288
732.0000	7.84933
733.0000	7.58166
734.0000	7.39808
735.0000	8.8851
736.0000	8.74398
737.0000	9.80113
738.0000	11.3925
739.0000	11.6407
740.0000	12.0659
741.0000	13.2691
742.0000	13.2651
743.0000	14.251
744.0000	15.2742
745.0000	14.1897
746.0000	14.8253
747.0000	16.4609
748.0000	16.6243
749.0000	16.1765
750.0000	15.9056
